-1 0.353227 0.353203
-0.979798 0.354979 0.354464
-0.959596 0.352231 0.35157
-0.939394 0.344682 0.3441
-0.919192 0.33208 0.331698
-0.89899 0.314239 0.314084
-0.878788 0.291036 0.291071
-0.858586 0.262427 0.26257
-0.838384 0.228445 0.228598
-0.818182 0.189209 0.189277
-0.79798 0.144925 0.144833
-0.777778 0.0958884 0.0955946
-0.757576 0.042484 0.0419839
-0.737374 -0.0148151 -0.0154898
-0.717172 -0.0754506 -0.0762378
-0.69697 -0.138784 -0.139601
-0.676768 -0.204102 -0.204857
-0.656566 -0.270626 -0.271232
-0.636364 -0.337521 -0.337906
-0.616162 -0.403906 -0.404022
-0.59596 -0.468865 -0.468697
-0.575758 -0.531464 -0.53103
-0.555556 -0.590763 -0.590113
-0.535354 -0.645831 -0.645042
-0.515152 -0.695761 -0.694929
-0.494949 -0.739686 -0.738916
-0.474747 -0.776797 -0.776191
-0.454545 -0.806352 -0.806001
-0.434343 -0.827697 -0.827667
-0.414141 -0.840274 -0.840603
-0.393939 -0.843635 -0.844326
-0.373737 -0.837453 -0.838474
-0.353535 -0.821531 -0.822816
-0.333333 -0.795804 -0.797261
-0.313131 -0.760352 -0.761866
-0.292929 -0.715393 -0.716839
-0.272727 -0.661287 -0.662541
-0.252525 -0.598536 -0.599486
-0.232323 -0.527773 -0.528327
-0.212121 -0.449759 -0.449857
-0.191919 -0.365369 -0.364987
-0.171717 -0.275586 -0.27474
-0.151515 -0.181481 -0.180225
-0.131313 -0.0841998 -0.0826257
-0.111111 0.0150532 0.0169335
-0.0909091 0.115035 0.116859
-0.0707071 0.214481 0.216119
-0.0505051 0.312128 0.313641
-0.030303 0.40673 0.40789
-0.010101 0.497082 0.497792
0.010101 0.582034 0.582239
0.030303 0.660514 0.660201
0.0505051 0.731539 0.730746
0.0707071 0.794238 0.793044
0.0909091 0.847855 0.846383
0.111111 0.891772 0.890168
0.131313 0.925507 0.923936
0.151515 0.948727 0.947352
0.171717 0.961251 0.960219
0.191919 0.96305 0.962475
0.212121 0.954247 0.954197
0.232323 0.93511 0.935603
0.252525 0.906051 0.907047
0.272727 0.867616 0.869017
0.292929 0.820469 0.822134
0.313131 0.765387 0.76714
0.333333 0.703243 0.704888
0.353535 0.634988 0.636333
0.373737 0.561637 0.562513
0.393939 0.484254 0.48453
0.414141 0.403929 0.403534
0.434343 0.321764 0.320691
0.454545 0.238856 0.23717
0.474747 0.156278 0.15411
0.494949 0.0750642 0.0726043
0.515152 -0.00380483 -0.00632449
0.535354 -0.0794155 -0.0817387
0.555556 -0.150933 -0.152783
0.575758 -0.217612 -0.218665
0.59596 -0.278805 -0.278755
0.616162 -0.333968 -0.332897
0.636364 -0.382664 -0.381106
0.656566 -0.424567 -0.422655
0.676768 -0.459464 -0.45687
0.69697 -0.487249 -0.483947
0.717172 -0.507922 -0.504313
0.737374 -0.521587 -0.518171
0.757576 -0.528439 -0.525636
0.777778 -0.528764 -0.526926
0.79798 -0.522923 -0.522339
0.818182 -0.511347 -0.51221
0.838384 -0.494527 -0.496893
0.858586 -0.472998 -0.476756
0.878788 -0.447333 -0.452175
0.89899 -0.418132 -0.417693
0.919192 -0.386007 -0.385558
0.939394 -0.351575 -0.355563
0.959596 -0.315447 -0.316989
0.979798 -0.278219 -0.275846
1 -0.240462 -0.232493
