-1 0.353227 0.353203 0.157722 -9.04785 -0.500017
-0.979798 0.354979 0.354464 -0.0367472 -10.1904 -0.492862
-0.959596 0.352231 0.35157 -0.253274 -11.2236 -0.485723
-0.939394 0.344682 0.3441 -0.489184 -12.1023 -0.478688
-0.919192 0.33208 0.331698 -0.740954 -12.7879 -0.471854
-0.89899 0.314239 0.314084 -1.00436 -13.2502 -0.465322
-0.878788 0.291036 0.291071 -1.27466 -13.4677 -0.4592
-0.858586 0.262427 0.26257 -1.54678 -13.4283 -0.453598
-0.838384 0.228445 0.228598 -1.81547 -13.1282 -0.448628
-0.818182 0.189209 0.189277 -2.07548 -12.5713 -0.444398
-0.79798 0.144925 0.144833 -2.32173 -11.7674 -0.441015
-0.777778 0.0958884 0.0955946 -2.54937 -10.7314 -0.438578
-0.757576 0.042484 0.0419839 -2.75388 -9.48141 -0.437182
-0.737374 -0.0148151 -0.0154898 -2.93115 -8.03726 -0.436908
-0.717172 -0.0754506 -0.0762378 -3.07745 -6.41989 -0.43783
-0.69697 -0.138784 -0.139601 -3.18951 -4.6504 -0.440006
-0.676768 -0.204102 -0.204857 -3.26447 -2.74982 -0.443483
-0.656566 -0.270626 -0.271232 -3.29988 -0.739119 -0.448291
-0.636364 -0.337521 -0.337906 -3.29373 1.36045 -0.454444
-0.616162 -0.403906 -0.404022 -3.24446 3.52686 -0.46194
-0.59596 -0.468865 -0.468697 -3.15094 5.73668 -0.470758
-0.575758 -0.531464 -0.53103 -3.01255 7.9645 -0.480861
-0.555556 -0.590763 -0.590113 -2.82921 10.1825 -0.492192
-0.535354 -0.645831 -0.645042 -2.60141 12.3601 -0.504676
-0.515152 -0.695761 -0.694929 -2.3303 14.4642 -0.51822
-0.494949 -0.739686 -0.738916 -2.01773 16.4592 -0.532714
-0.474747 -0.776797 -0.776191 -1.66627 18.3077 -0.54803
-0.454545 -0.806352 -0.806001 -1.27927 19.9719 -0.564025
-0.434343 -0.827697 -0.827667 -0.860827 21.4136 -0.580541
-0.414141 -0.840274 -0.840603 -0.415813 22.5967 -0.597407
-0.393939 -0.843635 -0.844326 0.0502028 23.4876 -0.614443
-0.373737 -0.837453 -0.838474 0.531015 24.057 -0.631457
-0.353535 -0.821531 -0.822816 1.01988 24.2811 -0.648254
-0.333333 -0.795804 -0.797261 1.50962 24.1424 -0.664636
-0.313131 -0.760352 -0.761866 1.99281 23.6309 -0.680401
-0.292929 -0.715393 -0.716839 2.46188 22.7447 -0.695353
-0.272727 -0.661287 -0.662541 2.90931 21.49 -0.709301
-0.252525 -0.598536 -0.599486 3.32778 19.8814 -0.722063
-0.232323 -0.527773 -0.528327 3.71037 17.9417 -0.733469
-0.212121 -0.449759 -0.449857 4.05067 15.701 -0.743361
-0.191919 -0.365369 -0.364987 4.34297 13.1962 -0.751601
-0.171717 -0.275586 -0.27474 4.58236 10.4699 -0.758071
-0.151515 -0.181481 -0.180225 4.76482 7.56897 -0.762673
-0.131313 -0.0841998 -0.0826257 4.88734 4.54685 -0.765333
-0.111111 0.0150532 0.0169335 4.97863 8.13854 -0.765999
-0.0909091 0.115035 0.116859 4.78993 -1.32488 -0.764639
-0.0707071 0.214481 0.216119 4.91058 -11.3919 -0.761282
-0.0505051 0.312128 0.313641 4.75366 -7.77764 -0.755925
-0.030303 0.40673 0.40789 4.56719 -10.6619 -0.748631
-0.010101 0.497082 0.497792 4.32398 -13.3849 -0.739474
0.010101 0.582034 0.582239 4.02774 -15.9071 -0.728555
0.030303 0.660514 0.660201 3.68284 -18.1971 -0.715993
0.0505051 0.731539 0.730746 3.29424 -20.2285 -0.70193
0.0707071 0.794238 0.793044 2.86741 -21.9795 -0.686524
0.0909091 0.847855 0.846383 2.40819 -23.4324 -0.669948
0.111111 0.891772 0.890168 1.92275 -24.5733 -0.652391
0.131313 0.925507 0.923936 1.41751 -25.3911 -0.634049
0.151515 0.948727 0.947352 0.899075 -25.8778 -0.61513
0.171717 0.961251 0.960219 0.374207 -26.0277 -0.595844
0.191919 0.96305 0.962475 -0.150256 -25.8373 -0.576405
0.212121 0.954247 0.954197 -0.667432 -25.3063 -0.557027
0.232323 0.93511 0.935603 -1.17046 -24.4375 -0.537921
0.252525 0.906051 0.907047 -1.65257 -23.2377 -0.519292
0.272727 0.867616 0.869017 -2.1072 -21.7189 -0.501336
0.292929 0.820469 0.822134 -2.52807 -19.899 -0.484239
0.313131 0.765387 0.76714 -2.90934 -17.8026 -0.468173
0.333333 0.703243 0.704888 -3.24572 -15.4613 -0.453293
0.353535 0.634988 0.636333 -3.53265 -12.9142 -0.439735
0.373737 0.561637 0.562513 -3.76643 -10.207 -0.427618
0.393939 0.484254 0.48453 -3.94432 -7.39101 -0.417036
0.414141 0.403929 0.403534 -4.0647 -4.52211 -0.408061
0.434343 0.321764 0.320691 -4.12707 -1.65845 -0.400744
0.454545 0.238856 0.23717 -4.13213 1.14167 -0.395109
0.474747 0.156278 0.15411 -4.08175 3.82216 -0.391158
0.494949 0.0750642 0.0726043 -3.97886 6.33167 -0.388871
0.515152 -0.00380483 -0.00632449 -3.82735 8.62968 -0.388207
0.535354 -0.0794155 -0.0817387 -3.63163 10.7165 -0.389103
0.555556 -0.150933 -0.152783 -3.39521 12.6724 -0.39148
0.575758 -0.217612 -0.218665 -3.1215 14.3061 -0.395242
0.59596 -0.278805 -0.278755 -2.82623 14.6459 -0.400276
0.616162 -0.333968 -0.332897 -2.53512 14.3325 -0.406464
0.636364 -0.382664 -0.381106 -2.23475 13.2653 -0.413687
0.656566 -0.424567 -0.422655 -1.88514 23.0046 -0.421818
0.676768 -0.459464 -0.45687 -1.5121 17.4613 -0.430714
0.69697 -0.487249 -0.483947 -1.17202 16.409 -0.440229
0.717172 -0.507922 -0.504313 -0.846882 15.4837 -0.450222
0.737374 -0.521587 -0.518171 -0.50891 15.6482 -0.460562
0.757576 -0.528439 -0.525636 -0.215309 15.5414 -0.471116
0.777778 -0.528764 -0.526926 0.0842719 14.4003 -0.481758
0.79798 -0.522923 -0.522339 0.367051 13.5843 -0.492366
0.818182 -0.511347 -0.51221 0.632776 12.7154 -0.502825
0.838384 -0.494527 -0.496893 0.880571 11.8119 -0.513026
0.858586 -0.472998 -0.476756 1.10989 10.8889 -0.522869
0.878788 -0.447333 -0.452175 1.32047 9.95799 -0.532259
0.89899 -0.418132 -0.417693 -24.7659 -83952.9 -0.541105
0.919192 -0.386007 -0.385558 -6.19871 -4716.69 -0.549316
0.939394 -0.351575 -0.355563 1.83978 7.19285 -0.556895
0.959596 -0.315447 -0.316989 1.976 6.29499 -0.563693
0.979798 -0.278219 -0.275846 2.09423 5.41282 -0.569686
1 -0.240462 -0.232493 2.19481 4.54734 -0.574824
