0 1 1 0
0.01 1 0.99995 0.00999983
0.03 1 0.99955 0.0299955
0.05 1 0.99875 0.0499792
0.07 1 0.997551 0.0699428
0.09 1 0.995953 0.0898785
0.11 1 0.993956 0.109778
0.13 1 0.991562 0.129634
0.15 1 0.988771 0.149438
0.17 1 0.985585 0.169182
0.19 1 0.982004 0.188859
0.21 1 0.978031 0.20846
0.23 1 0.973666 0.227978
0.25 1 0.968912 0.247404
0.27 1 0.963771 0.266731
0.29 1 0.958244 0.285952
0.31 1 0.952334 0.305059
0.33 1 0.946042 0.324043
0.35 1 0.939373 0.342898
0.37 1 0.932327 0.361615
0.39 1 0.924909 0.380188
0.41 1 0.917121 0.398609
0.43 1 0.908966 0.416871
0.45 1 0.900447 0.434966
0.47 1 0.891568 0.452886
0.49 1 0.882333 0.470626
0.51 1 0.872745 0.488177
0.53 1 0.862807 0.505533
0.55 1 0.852525 0.522687
0.57 1 0.841901 0.539632
0.59 1 0.830941 0.556361
0.61 1 0.819648 0.572867
0.63 1 0.808028 0.589145
0.65 1 0.796084 0.605186
0.67 1 0.783822 0.620986
0.69 1 0.771246 0.636537
0.71 1 0.758362 0.651834
0.73 1 0.745174 0.66687
0.75 1 0.731689 0.681639
0.77 1 0.717911 0.696135
0.79 1 0.703845 0.710353
0.81 1 0.689498 0.724287
0.83 1 0.674876 0.737931
0.85 1 0.659983 0.75128
0.87 1 0.644827 0.764329
0.89 1 0.629412 0.777072
0.91 1 0.613746 0.789504
0.93 1 0.597834 0.80162
0.95 1 0.581683 0.813416
0.97 1 0.5653 0.824886
0.99 1 0.54869 0.836026
1.01 1 0.531861 0.846832
1.03 1 0.514819 0.857299
1.05 1 0.497571 0.867423
1.07 1 0.480124 0.877201
1.09 1 0.462485 0.886627
1.11 1 0.444662 0.895699
1.13 1 0.42666 0.904412
1.15 1 0.408487 0.912764
1.17 1 0.390152 0.920751
1.19 1 0.37166 0.928369
1.21 1 0.353019 0.935616
1.23 1 0.334238 0.942489
1.25 1 0.315322 0.948985
1.27 1 0.296281 0.955101
1.29 1 0.277121 0.960835
1.31 1 0.25785 0.966185
1.33 1 0.238476 0.971148
1.35 1 0.219007 0.975723
1.37 1 0.19945 0.979908
1.39 1 0.179813 0.983701
1.41 1 0.160104 0.9871
1.43 1 0.140332 0.990105
1.45 1 0.120503 0.992713
1.47 1 0.100626 0.994924
1.49 1 0.0807084 0.996738
1.51 1 0.0607589 0.998152
1.53 1 0.040785 0.999168
1.55 1 0.0207948 0.999784
1.57 1 0.000796327 1
1.59 1 -0.0192025 0.999816
1.61 1 -0.0391936 0.999232
1.63 1 -0.0591691 0.998248
1.65 1 -0.0791209 0.996865
1.67 1 -0.099041 0.995083
1.69 1 -0.118922 0.992904
1.71 1 -0.138755 0.990327
1.73 1 -0.158532 0.987354
1.75 1 -0.178246 0.983986
1.77 1 -0.197889 0.980224
1.79 1 -0.217452 0.976071
1.81 1 -0.236929 0.971527
1.83 1 -0.256311 0.966594
1.85 1 -0.27559 0.961275
1.87 1 -0.294759 0.955572
1.89 1 -0.313811 0.949486
1.91 1 -0.332736 0.94302
1.93 1 -0.351529 0.936177
1.95 1 -0.370181 0.92896
1.97 1 -0.388685 0.921371
1.99 1 -0.407033 0.913413
2.01 1 -0.425219 0.905091
2.03 1 -0.443234 0.896406
2.05 1 -0.461073 0.887362
2.07 1 -0.478727 0.877964
2.09 1 -0.496189 0.868215
2.11 1 -0.513453 0.858118
2.13 1 -0.530511 0.847678
2.15 1 -0.547358 0.836899
2.17 1 -0.563985 0.825785
2.19 1 -0.580387 0.814341
2.21 1 -0.596557 0.802571
2.23 1 -0.612488 0.79048
2.25 1 -0.628174 0.778073
2.27 1 -0.643608 0.765355
2.29 1 -0.658786 0.752331
2.31 1 -0.6737 0.739005
2.33 1 -0.688344 0.725384
2.35 1 -0.702713 0.711473
2.37 1 -0.716801 0.697278
2.39 1 -0.730602 0.682803
2.41 1 -0.744111 0.668056
2.43 1 -0.757323 0.653041
2.45 1 -0.770231 0.637765
2.47 1 -0.782832 0.622234
2.49 1 -0.795119 0.606454
2.51 1 -0.807088 0.590431
2.53 1 -0.818735 0.574172
2.55 1 -0.830054 0.557684
2.57 1 -0.84104 0.540972
2.59 1 -0.851691 0.524044
2.61 1 -0.862001 0.506907
2.63 1 -0.871966 0.489567
2.65 1 -0.881582 0.472031
2.67 1 -0.890846 0.454306
2.69 1 -0.899753 0.436399
2.71 1 -0.908301 0.418318
2.73 1 -0.916485 0.400069
2.75 1 -0.924302 0.381661
2.77 1 -0.93175 0.3631
2.79 1 -0.938825 0.344393
2.81 1 -0.945525 0.325549
2.83 1 -0.951847 0.306575
2.85 1 -0.957787 0.287478
2.87 1 -0.963345 0.268266
2.89 1 -0.968517 0.248947
2.91 1 -0.973302 0.229528
2.93 1 -0.977698 0.210017
2.95 1 -0.981702 0.190423
2.97 1 -0.985314 0.170752
2.99 1 -0.988532 0.151013
3.01 1 -0.991354 0.131213
3.03 1 -0.99378 0.111361
3.05 1 -0.995808 0.0914646
3.07 1 -0.997438 0.0715315
3.09 1 -0.998669 0.0515698
3.11 1 -0.999501 0.0315874
3.13 1 -0.999933 0.0115924
3.15 1 -0.999965 -0.00840725
3.17 1 -0.999597 -0.0284035
3.19 1 -0.998829 -0.0483884
3.21 1 -0.997661 -0.068354
3.23 1 -0.996095 -0.0882922
3.25 1 -0.99413 -0.108195
3.27 1 -0.991767 -0.128055
3.29 1 -0.989008 -0.147863
3.31 1 -0.985853 -0.167612
3.33 1 -0.982304 -0.187295
3.35 1 -0.978362 -0.206902
3.37 1 -0.974028 -0.226427
3.39 1 -0.969305 -0.245861
3.41 1 -0.964194 -0.265196
3.43 1 -0.958698 -0.284426
3.45 1 -0.952818 -0.303542
3.47 1 -0.946557 -0.322536
3.49 1 -0.939918 -0.341401
3.51 1 -0.932902 -0.36013
3.53 1 -0.925513 -0.378715
3.55 1 -0.917755 -0.397148
3.57 1 -0.909629 -0.415423
3.59 1 -0.901139 -0.433531
3.61 1 -0.892288 -0.451466
3.63 1 -0.883081 -0.46922
3.65 1 -0.873521 -0.486787
3.67 1 -0.863611 -0.504159
3.69 1 -0.853356 -0.521329
3.71 1 -0.842759 -0.538291
3.73 1 -0.831826 -0.555037
3.75 1 -0.820559 -0.571561
3.77 1 -0.808965 -0.587857
3.79 1 -0.797047 -0.603918
3.81 1 -0.78481 -0.619737
3.83 1 -0.772259 -0.635308
3.85 1 -0.759399 -0.650625
3.87 1 -0.746236 -0.665682
3.89 1 -0.732774 -0.680473
3.91 1 -0.719018 -0.694991
3.93 1 -0.704976 -0.709231
3.95 1 -0.690651 -0.723188
3.97 1 -0.67605 -0.736856
3.99 1 -0.661179 -0.750228
4.01 1 -0.646043 -0.763301
4.03 1 -0.630649 -0.776068
4.05 1 -0.615002 -0.788525
4.07 1 -0.59911 -0.800667
4.09 1 -0.582978 -0.812488
4.11 1 -0.566613 -0.823984
4.13 1 -0.550021 -0.835151
4.15 1 -0.533209 -0.845984
4.17 1 -0.516184 -0.856478
4.19 1 -0.498952 -0.86663
4.21 1 -0.481521 -0.876435
4.23 1 -0.463897 -0.885889
4.25 1 -0.446087 -0.894989
4.27 1 -0.4281 -0.903732
4.29 1 -0.409941 -0.912112
4.31 1 -0.391618 -0.920128
4.33 1 -0.373138 -0.927776
4.35 1 -0.354509 -0.935053
4.37 1 -0.335738 -0.941955
4.39 1 -0.316833 -0.948481
4.41 1 -0.297802 -0.954628
4.43 1 -0.278651 -0.960392
4.45 1 -0.259389 -0.965773
4.47 1 -0.240022 -0.970767
4.49 1 -0.22056 -0.975373
4.51 1 -0.20101 -0.979589
4.53 1 -0.181379 -0.983413
4.55 1 -0.161676 -0.986844
4.57 1 -0.141908 -0.98988
4.59 1 -0.122084 -0.99252
4.61 1 -0.10221 -0.994763
4.63 1 -0.0822958 -0.996608
4.65 1 -0.0623485 -0.998054
4.67 1 -0.0423763 -0.999102
4.69 1 -0.0223871 -0.999749
4.71 1 -0.00238898 -0.999997
4.73 1 0.0176101 -0.999845
4.75 1 0.0376022 -0.999293
4.77 1 0.0575792 -0.998341
4.79 1 0.0775331 -0.99699
4.81 1 0.0974561 -0.99524
4.83 1 0.11734 -0.993092
4.85 1 0.137177 -0.990547
4.87 1 0.156959 -0.987605
4.89 1 0.176679 -0.984269
4.91 1 0.196327 -0.980538
4.93 1 0.215898 -0.976416
4.95 1 0.235381 -0.971903
4.97 1 0.254771 -0.967001
4.99 1 0.274059 -0.961713
5.01 1 0.293237 -0.95604
5.03 1 0.312298 -0.949984
5.05 1 0.331234 -0.943549
5.07 1 0.350037 -0.936736
5.09 1 0.368701 -0.929548
5.11 1 0.387217 -0.921989
5.13 1 0.405578 -0.91406
5.15 1 0.423777 -0.905767
5.17 1 0.441806 -0.897111
5.19 1 0.459659 -0.888096
5.21 1 0.477328 -0.878725
5.23 1 0.494806 -0.869004
5.25 1 0.512085 -0.858934
5.27 1 0.529161 -0.848522
5.29 1 0.546024 -0.837769
5.31 1 0.562669 -0.826682
5.33 1 0.579089 -0.815264
5.35 1 0.595278 -0.80352
5.37 1 0.611228 -0.791455
5.39 1 0.626934 -0.779073
5.41 1 0.642389 -0.766379
5.43 1 0.657587 -0.753379
5.45 1 0.672522 -0.740077
5.47 1 0.687188 -0.72648
5.49 1 0.701579 -0.712592
5.51 1 0.71569 -0.698418
5.53 1 0.729514 -0.683966
5.55 1 0.743046 -0.66924
5.57 1 0.756282 -0.654246
5.59 1 0.769215 -0.638991
5.61 1 0.78184 -0.62348
5.63 1 0.794152 -0.607719
5.65 1 0.806147 -0.591716
5.67 1 0.817819 -0.575475
5.69 1 0.829164 -0.559005
5.71 1 0.840178 -0.542311
5.73 1 0.850855 -0.5254
5.75 1 0.861192 -0.508279
5.77 1 0.871185 -0.490955
5.79 1 0.880829 -0.473434
5.81 1 0.890121 -0.455724
5.83 1 0.899057 -0.437832
5.85 1 0.907633 -0.419764
5.87 1 0.915846 -0.401529
5.89 1 0.923693 -0.383133
5.91 1 0.931171 -0.364583
5.93 1 0.938276 -0.345888
5.95 1 0.945005 -0.327055
5.97 1 0.951357 -0.308091
5.99 1 0.957328 -0.289003
6.01 1 0.962916 -0.2698
6.03 1 0.968119 -0.250489
6.05 1 0.972935 -0.231078
6.07 1 0.977362 -0.211574
6.09 1 0.981398 -0.191986
6.11 1 0.985041 -0.172321
6.13 1 0.98829 -0.152587
6.15 1 0.991144 -0.132792
6.17 1 0.993601 -0.112944
6.19 1 0.995661 -0.0930505
6.21 1 0.997323 -0.07312
6.23 1 0.998586 -0.0531602
6.25 1 0.999449 -0.0331792
6.27 1 0.999913 -0.0131849
6.29 1 0.999977 0.00681464
6.31 1 0.999641 0.0268115
6.33 1 0.998904 0.0467976
6.35 1 0.997769 0.066765
6.37 1 0.996234 0.0867057
6.39 1 0.994301 0.106612
6.41 1 0.99197 0.126475
6.43 1 0.989242 0.146288
6.45 1 0.986119 0.166042
6.47 1 0.982601 0.18573
6.49 1 0.97869 0.205344
6.51 1 0.974388 0.224875
6.53 1 0.969696 0.244316
6.55 1 0.964616 0.26366
6.57 1 0.95915 0.282898
6.59 1 0.9533 0.302024
6.61 1 0.94707 0.321028
6.63 1 0.94046 0.339904
6.65 1 0.933474 0.358644
6.67 1 0.926115 0.37724
6.69 1 0.918386 0.395686
6.71 1 0.910289 0.413973
6.73 1 0.901828 0.432095
6.75 1 0.893006 0.450044
6.77 1 0.883827 0.467813
6.79 1 0.874295 0.485395
6.81 1 0.864413 0.502782
6.83 1 0.854185 0.519969
6.85 1 0.843616 0.536948
6.87 1 0.832709 0.553711
6.89 1 0.821469 0.570254
6.91 1 0.8099 0.586568
6.93 1 0.798007 0.602648
6.95 1 0.785796 0.618486
6.97 1 0.77327 0.634077
6.99 1 0.760434 0.649415
7.01 1 0.747295 0.664493
7.03 1 0.733856 0.679305
7.05 1 0.720124 0.693845
7.07 1 0.706104 0.708108
7.09 1 0.691802 0.722087
7.11 1 0.677223 0.735778
7.13 1 0.662373 0.749174
7.15 1 0.647258 0.762271
7.17 1 0.631884 0.775063
7.19 1 0.616257 0.787545
7.21 1 0.600384 0.799712
7.23 1 0.584271 0.811559
7.25 1 0.567924 0.823081
7.27 1 0.55135 0.834274
7.29 1 0.534555 0.845133
7.31 1 0.517547 0.855655
7.33 1 0.500332 0.865834
7.35 1 0.482916 0.875667
7.37 1 0.465307 0.885149
7.39 1 0.447512 0.894278
7.41 1 0.429538 0.903049
7.43 1 0.411393 0.911458
7.45 1 0.393083 0.919503
7.47 1 0.374615 0.92718
7.49 1 0.355998 0.934487
7.51 1 0.337238 0.941419
7.53 1 0.318344 0.947975
7.55 1 0.299322 0.954152
7.57 1 0.28018 0.959947
7.59 1 0.260926 0.965359
7.61 1 0.241568 0.970384
7.63 1 0.222114 0.975021
7.65 1 0.20257 0.979268
7.67 1 0.182945 0.983123
7.69 1 0.163248 0.986585
7.71 1 0.143485 0.989653
7.73 1 0.123664 0.992324
7.75 1 0.103794 0.994599
7.77 1 0.0838829 0.996476
7.79 1 0.063938 0.997954
7.81 1 0.0439675 0.999033
7.83 1 0.0239793 0.999712
7.85 1 0.00398162 0.999992
7.87 1 -0.0160177 0.999872
7.89 1 -0.0360106 0.999351
7.91 1 -0.0559891 0.998431
7.93 1 -0.0759452 0.997112
7.95 1 -0.0958709 0.995394
7.97 1 -0.115758 0.993277
7.99 1 -0.135599 0.990764
8.01 1 -0.155386 0.987854
8.03 1 -0.175111 0.984549
8.05 1 -0.194765 0.98085
8.07 1 -0.214342 0.976759
8.09 1 -0.233833 0.972277
8.11 1 -0.253231 0.967406
8.13 1 -0.272527 0.962148
8.15 1 -0.291714 0.956506
8.17 1 -0.310785 0.95048
8.19 1 -0.329731 0.944075
8.21 1 -0.348545 0.937292
8.23 1 -0.36722 0.930134
8.25 1 -0.385748 0.922604
8.27 1 -0.404122 0.914705
8.29 1 -0.422334 0.90644
8.31 1 -0.440377 0.897813
8.33 1 -0.458244 0.888827
8.35 1 -0.475928 0.879484
8.37 1 -0.493421 0.869791
8.39 1 -0.510717 0.859749
8.41 1 -0.527809 0.849363
8.43 1 -0.544689 0.838638
8.45 1 -0.561352 0.827577
8.47 1 -0.57779 0.816185
8.49 1 -0.593997 0.804467
8.51 1 -0.609967 0.792427
8.53 1 -0.625692 0.78007
8.55 1 -0.641167 0.767401
8.57 1 -0.656386 0.754425
8.59 1 -0.671342 0.741147
8.61 1 -0.68603 0.727573
8.63 1 -0.700443 0.713708
8.65 1 -0.714576 0.699557
8.67 1 -0.728424 0.685127
8.69 1 -0.74198 0.670422
8.71 1 -0.755239 0.65545
8.73 1 -0.768196 0.640215
8.75 1 -0.780846 0.624724
8.77 1 -0.793183 0.608983
8.79 1 -0.805203 0.592999
8.81 1 -0.816902 0.576777
8.83 1 -0.828273 0.560325
8.85 1 -0.839313 0.543648
8.87 1 -0.850017 0.526755
8.89 1 -0.860382 0.50965
8.91 1 -0.870402 0.492342
8.93 1 -0.880074 0.474836
8.95 1 -0.889394 0.457141
8.97 1 -0.898359 0.439263
8.99 1 -0.906964 0.421209
9.01 1 -0.915206 0.402987
9.03 1 -0.923082 0.384603
9.05 1 -0.930589 0.366066
9.07 1 -0.937724 0.347382
9.09 1 -0.944483 0.328559
9.11 1 -0.950865 0.309605
9.13 1 -0.956867 0.290527
9.15 1 -0.962485 0.271333
9.17 1 -0.967719 0.252031
9.19 1 -0.972566 0.232627
9.21 1 -0.977024 0.21313
9.23 1 -0.981091 0.193549
9.25 1 -0.984765 0.173889
9.27 1 -0.988046 0.154161
9.29 1 -0.990931 0.13437
9.31 1 -0.99342 0.114526
9.33 1 -0.995512 0.0946361
9.35 1 -0.997205 0.0747083
9.37 1 -0.9985 0.0547506
9.39 1 -0.999395 0.034771
9.41 1 -0.999891 0.0147774
9.43 1 -0.999986 -0.00522202
9.45 1 -0.999682 -0.0252194
9.47 1 -0.998978 -0.0452066
9.49 1 -0.997874 -0.0651758
9.51 1 -0.996371 -0.0851189
9.53 1 -0.994469 -0.105028
9.55 1 -0.99217 -0.124895
9.57 1 -0.989474 -0.144712
9.59 1 -0.986382 -0.164471
9.61 1 -0.982895 -0.184165
9.63 1 -0.979016 -0.203785
9.65 1 -0.974745 -0.223323
9.67 1 -0.970083 -0.242772
9.69 1 -0.965034 -0.262124
9.71 1 -0.959599 -0.281371
9.73 1 -0.95378 -0.300505
9.75 1 -0.94758 -0.319519
9.77 1 -0.941 -0.338406
9.79 1 -0.934044 -0.357157
9.81 1 -0.926715 -0.375765
9.83 1 -0.919015 -0.394223
9.85 1 -0.910947 -0.412523
9.87 1 -0.902515 -0.430658
9.89 1 -0.893722 -0.448621
9.91 1 -0.884571 -0.466405
9.93 1 -0.875067 -0.484002
9.95 1 -0.865213 -0.501405
9.97 1 -0.855012 -0.518608
9.99 1 -0.84447 -0.535603
10.01 1 -0.833589 -0.552384
10.03 1 -0.822376 -0.568945
10.05 1 -0.810833 -0.585277
10.07 1 -0.798966 -0.601376
10.09 1 -0.78678 -0.617234
10.11 1 -0.774279 -0.632845
10.13 1 -0.761468 -0.648203
10.15 1 -0.748352 -0.663302
10.17 1 -0.734937 -0.678135
10.19 1 -0.721229 -0.692697
10.21 1 -0.707231 -0.706982
10.23 1 -0.692951 -0.720985
10.25 1 -0.678394 -0.734698
10.27 1 -0.663565 -0.748118
10.29 1 -0.648471 -0.761239
10.31 1 -0.633118 -0.774056
10.33 1 -0.617511 -0.786562
10.35 1 -0.601657 -0.798754
10.37 1 -0.585563 -0.810627
10.39 1 -0.569234 -0.822175
10.41 1 -0.552678 -0.833395
10.43 1 -0.535901 -0.844281
10.45 1 -0.518909 -0.854829
10.47 1 -0.50171 -0.865036
10.49 1 -0.48431 -0.874896
10.51 1 -0.466716 -0.884407
10.53 1 -0.448936 -0.893564
10.55 1 -0.430976 -0.902363
10.57 1 -0.412844 -0.910802
10.59 1 -0.394547 -0.918876
10.61 1 -0.376091 -0.926583
10.63 1 -0.357486 -0.933919
10.65 1 -0.338737 -0.940881
10.67 1 -0.319853 -0.947467
10.69 1 -0.300841 -0.953674
10.71 1 -0.281709 -0.9595
10.73 1 -0.262463 -0.964942
10.75 1 -0.243113 -0.969998
10.77 1 -0.223666 -0.974666
10.79 1 -0.204129 -0.978944
10.81 1 -0.184511 -0.98283
10.83 1 -0.164819 -0.986324
10.85 1 -0.145061 -0.989423
10.87 1 -0.125245 -0.992126
10.89 1 -0.105378 -0.994432
10.91 1 -0.0854699 -0.996341
10.93 1 -0.0655273 -0.997851
10.95 1 -0.0455585 -0.998962
10.97 1 -0.0255715 -0.999673
10.99 1 -0.00557426 -0.999984
11.01 1 0.0144252 -0.999896
11.03 1 0.0344189 -0.999407
11.05 1 0.0543988 -0.998519
11.07 1 0.074357 -0.997232
11.09 1 0.0942855 -0.995545
11.11 1 0.114176 -0.993461
11.13 1 0.134021 -0.990978
11.15 1 0.153813 -0.9881
11.17 1 0.173543 -0.984826
11.19 1 0.193203 -0.981159
11.21 1 0.212786 -0.977099
11.23 1 0.232284 -0.972648
11.25 1 0.25169 -0.967808
11.27 1 0.270994 -0.962581
11.29 1 0.29019 -0.956969
11.31 1 0.30927 -0.950974
11.33 1 0.328227 -0.944599
11.35 1 0.347052 -0.937846
11.37 1 0.365738 -0.930718
11.39 1 0.384278 -0.923217
11.41 1 0.402664 -0.915348
11.43 1 0.42089 -0.907112
11.45 1 0.438946 -0.898513
11.47 1 0.456828 -0.889555
11.49 1 0.474526 -0.880241
11.51 1 0.492035 -0.870575
11.53 1 0.509347 -0.860561
11.55 1 0.526455 -0.850203
11.57 1 0.543353 -0.839504
11.59 1 0.560033 -0.82847
11.61 1 0.576489 -0.817105
11.63 1 0.592715 -0.805412
11.65 1 0.608704 -0.793398
11.67 1 0.624449 -0.781066
11.69 1 0.639944 -0.768421
11.71 1 0.655184 -0.75547
11.73 1 0.670161 -0.742216
11.75 1 0.68487 -0.728665
11.77 1 0.699306 -0.714823
11.79 1 0.713461 -0.700695
11.81 1 0.727332 -0.686286
11.83 1 0.740911 -0.671603
11.85 1 0.754194 -0.656652
11.87 1 0.767175 -0.641438
11.89 1 0.77985 -0.625967
11.91 1 0.792212 -0.610246
11.93 1 0.804258 -0.59428
11.95 1 0.815982 -0.578077
11.97 1 0.827379 -0.561643
11.99 1 0.838446 -0.544984
12.01 1 0.849177 -0.528108
12.03 1 0.859569 -0.51102
12.05 1 0.869617 -0.493727
12.07 1 0.879317 -0.476237
12.09 1 0.888665 -0.458557
12.11 1 0.897658 -0.440693
12.13 1 0.906292 -0.422653
12.15 1 0.914563 -0.404444
12.17 1 0.922468 -0.386073
12.19 1 0.930005 -0.367548
12.21 1 0.937169 -0.348875
12.23 1 0.943959 -0.330063
12.25 1 0.950371 -0.311119
12.27 1 0.956403 -0.292051
12.29 1 0.962052 -0.272866
12.31 1 0.967317 -0.253571
12.33 1 0.972194 -0.234176
12.35 1 0.976683 -0.214686
12.37 1 0.980781 -0.195111
12.39 1 0.984487 -0.175458
12.41 1 0.987799 -0.155734
12.43 1 0.990716 -0.135948
12.45 1 0.993237 -0.116108
12.47 1 0.99536 -0.0962215
12.49 1 0.997085 -0.0762964
12.51 1 0.998412 -0.0563408
12.53 1 0.999339 -0.0363626
12.55 1 0.999866 -0.0163699
12.57 1 0.999993 0.00362938
12.59 1 0.999721 0.0236272
12.61 1 0.999048 0.0436155
12.63 1 0.997976 0.0635865
12.65 1 0.996505 0.0835319
12.67 1 0.994635 0.103444
12.69 1 0.992368 0.123315
12.71 1 0.989703 0.143136
12.73 1 0.986643 0.1629
12.75 1 0.983187 0.182599
12.77 1 0.979339 0.202225
12.79 1 0.975099 0.22177
12.81 1 0.970469 0.241226
12.83 1 0.965451 0.260586
12.85 1 0.960046 0.279842
12.87 1 0.954258 0.298986
12.89 1 0.948087 0.31801
12.91 1 0.941538 0.336907
12.93 1 0.934612 0.355669
12.95 1 0.927312 0.374289
12.97 1 0.919642 0.392759
12.99 1 0.911603 0.411072
13.01 1 0.9032 0.42922
13.03 1 0.894435 0.447197
13.05 1 0.885313 0.464995
13.07 1 0.875837 0.482607
13.09 1 0.86601 0.500027
13.11 1 0.855837 0.517246
13.13 1 0.845322 0.534258
13.15 1 0.834468 0.551056
13.17 1 0.823281 0.567634
13.19 1 0.811764 0.583985
13.21 1 0.799923 0.600103
13.23 1 0.787762 0.61598
13.25 1 0.775285 0.631611
13.27 1 0.762499 0.646989
13.29 1 0.749408 0.662109
13.31 1 0.736016 0.676964
13.33 1 0.722331 0.691548
13.35 1 0.708356 0.705855
13.37 1 0.694099 0.71988
13.39 1 0.679563 0.733617
13.41 1 0.664756 0.747061
13.43 1 0.649683 0.760206
13.45 1 0.63435 0.773046
13.47 1 0.618763 0.785578
13.49 1 0.602929 0.797795
13.51 1 0.586853 0.809693
13.53 1 0.570543 0.821268
13.55 1 0.554005 0.832514
13.57 1 0.537245 0.843426
13.59 1 0.52027 0.854002
13.61 1 0.503087 0.864236
13.63 1 0.485703 0.874124
13.65 1 0.468124 0.883663
13.67 1 0.450359 0.892848
13.69 1 0.432413 0.901676
13.71 1 0.414294 0.910143
13.73 1 0.396009 0.918246
13.75 1 0.377567 0.925982
13.77 1 0.358973 0.933348
13.79 1 0.340235 0.94034
13.81 1 0.321362 0.946957
13.83 1 0.302359 0.953194
13.85 1 0.283236 0.95905
13.87 1 0.264 0.964523
13.89 1 0.244658 0.969609
13.91 1 0.225218 0.974308
13.93 1 0.205688 0.978618
13.95 1 0.186076 0.982535
13.97 1 0.166389 0.98606
13.99 1 0.146636 0.98919
14.01 1 0.126824 0.991925
14.03 1 0.106962 0.994263
14.05 1 0.0870566 0.996203
14.07 1 0.0671164 0.997745
14.09 1 0.0471495 0.998888
14.11 1 0.0271636 0.999631
14.13 1 0.00716688 0.999974
14.15 1 -0.0128327 0.999918
14.17 1 -0.0328272 0.999461
14.19 1 -0.0528085 0.998605
14.21 1 -0.0727687 0.997349
14.23 1 -0.0926998 0.995694
14.25 1 -0.112594 0.993641
14.27 1 -0.132443 0.991191
14.29 1 -0.152239 0.988344
14.31 1 -0.171974 0.985102
14.33 1 -0.19164 0.981465
14.35 1 -0.21123 0.977436
14.37 1 -0.230735 0.973017
14.39 1 -0.250148 0.968208
14.41 1 -0.269461 0.963011
14.43 1 -0.288666 0.95743
14.45 1 -0.307755 0.951466
14.47 1 -0.326722 0.945121
14.49 1 -0.345558 0.938397
14.51 1 -0.364255 0.931299
14.53 1 -0.382807 0.923828
14.55 1 -0.401206 0.915988
14.57 1 -0.419444 0.907781
14.59 1 -0.437515 0.899211
14.61 1 -0.45541 0.890282
14.63 1 -0.473124 0.880996
14.65 1 -0.490648 0.871358
14.67 1 -0.507976 0.861371
14.69 1 -0.5251 0.85104
14.71 1 -0.542015 0.840369
14.73 1 -0.558713 0.829361
14.75 1 -0.575187 0.818022
14.77 1 -0.591432 0.806355
14.79 1 -0.607439 0.794366
14.81 1 -0.623204 0.782059
14.83 1 -0.63872 0.76944
14.85 1 -0.65398 0.756512
14.87 1 -0.668978 0.743282
14.89 1 -0.683709 0.729755
14.91 1 -0.698166 0.715936
14.93 1 -0.712344 0.70183
14.95 1 -0.726238 0.687444
14.97 1 -0.73984 0.672782
14.99 1 -0.753147 0.657852
15.01 1 -0.766153 0.642659
15.03 1 -0.778852 0.627208
15.05 1 -0.791239 0.611507
15.07 1 -0.80331 0.595561
15.09 1 -0.81506 0.579376
15.11 1 -0.826484 0.56296
15.13 1 -0.837577 0.546319
15.15 1 -0.848335 0.529459
15.17 1 -0.858754 0.512388
15.19 1 -0.868829 0.495112
15.21 1 -0.878557 0.477637
15.23 1 -0.887934 0.459972
15.25 1 -0.896955 0.442122
15.27 1 -0.905617 0.424096
15.29 1 -0.913918 0.4059
15.31 1 -0.921852 0.387542
15.33 1 -0.929418 0.369028
15.35 1 -0.936612 0.350367
15.37 1 -0.943432 0.331566
15.39 1 -0.949874 0.312633
15.41 1 -0.955936 0.293574
15.43 1 -0.961616 0.274398
15.45 1 -0.966912 0.255112
15.47 1 -0.97182 0.235724
15.49 1 -0.97634 0.216242
15.51 1 -0.980469 0.196673
15.53 1 -0.984206 0.177025
15.55 1 -0.98755 0.157307
15.57 1 -0.990498 0.137526
15.59 1 -0.99305 0.11769
15.61 1 -0.995205 0.0978067
15.63 1 -0.996962 0.0778843
15.65 1 -0.998321 0.0579308
15.67 1 -0.999279 0.0379541
15.69 1 -0.999839 0.0179623
15.71 1 -0.999998 -0.00203673
15.73 1 -0.999757 -0.0220349
15.75 1 -0.999117 -0.0420244
15.77 1 -0.998076 -0.0619969
15.79 1 -0.996637 -0.0819447
15.81 1 -0.994799 -0.10186
15.83 1 -0.992563 -0.121734
15.85 1 -0.98993 -0.14156
15.87 1 -0.986901 -0.161329
15.89 1 -0.983477 -0.181033
15.91 1 -0.97966 -0.200665
15.93 1 -0.975451 -0.220217
15.95 1 -0.970852 -0.23968
15.97 1 -0.965864 -0.259048
15.99 1 -0.960491 -0.278312
16.01 1 -0.954733 -0.297465
16.03 1 -0.948593 -0.316499
16.05 1 -0.942073 -0.335407
16.07 1 -0.935177 -0.35418
16.09 1 -0.927907 -0.372811
16.11 1 -0.920266 -0.391293
16.13 1 -0.912257 -0.409619
16.15 1 -0.903882 -0.427781
16.17 1 -0.895146 -0.445772
16.19 1 -0.886053 -0.463585
16.21 1 -0.876604 -0.481212
16.23 1 -0.866805 -0.498647
16.25 1 -0.85666 -0.515882
16.27 1 -0.846171 -0.532911
16.29 1 -0.835345 -0.549726
16.31 1 -0.824184 -0.566322
16.33 1 -0.812693 -0.582692
16.35 1 -0.800878 -0.598828
16.37 1 -0.788742 -0.614725
16.39 1 -0.77629 -0.630375
16.41 1 -0.763529 -0.645774
16.43 1 -0.750461 -0.660915
16.45 1 -0.737094 -0.675791
16.47 1 -0.723431 -0.690396
16.49 1 -0.70948 -0.704726
16.51 1 -0.695244 -0.718774
16.53 1 -0.680731 -0.732534
16.55 1 -0.665945 -0.746001
16.57 1 -0.650893 -0.75917
16.59 1 -0.63558 -0.772035
16.61 1 -0.620013 -0.784591
16.63 1 -0.604198 -0.796834
16.65 1 -0.588142 -0.808758
16.67 1 -0.57185 -0.820358
16.69 1 -0.55533 -0.83163
16.71 1 -0.538587 -0.84257
16.73 1 -0.521629 -0.853172
16.75 1 -0.504463 -0.863433
16.77 1 -0.487094 -0.873349
16.79 1 -0.469531 -0.882916
16.81 1 -0.45178 -0.892129
16.83 1 -0.433848 -0.900986
16.85 1 -0.415743 -0.909482
16.87 1 -0.397471 -0.917615
16.89 1 -0.379041 -0.92538
16.91 1 -0.360459 -0.932775
16.93 1 -0.341732 -0.939797
16.95 1 -0.322869 -0.946444
16.97 1 -0.303877 -0.952711
16.99 1 -0.284763 -0.958598
17.01 1 -0.265536 -0.964101
17.03 1 -0.246202 -0.969219
17.05 1 -0.22677 -0.973948
17.07 1 -0.207247 -0.978289
17.09 1 -0.187641 -0.982238
17.11 1 -0.16796 -0.985794
17.13 1 -0.148212 -0.988956
17.15 1 -0.128404 -0.991722
17.17 1 -0.108545 -0.994092
17.19 1 -0.0886431 -0.996063
17.21 1 -0.0687054 -0.997637
17.23 1 -0.0487403 -0.998811
17.25 1 -0.0287556 -0.999586
17.27 1 -0.00875948 -0.999962
17.29 1 0.0112402 -0.999937
17.31 1 0.0312353 -0.999512
17.33 1 0.051218 -0.998687
17.35 1 0.0711802 -0.997463
17.37 1 0.0911139 -0.99584
17.39 1 0.111011 -0.993819
17.41 1 0.130864 -0.9914
17.43 1 0.150664 -0.988585
17.45 1 0.170405 -0.985374
17.47 1 0.190077 -0.981769
17.49 1 0.209673 -0.977772
17.51 1 0.229185 -0.973383
17.53 1 0.248606 -0.968605
17.55 1 0.267927 -0.963439
17.57 1 0.287141 -0.957888
17.59 1 0.30624 -0.951954
17.61 1 0.325216 -0.94564
17.63 1 0.344063 -0.938947
17.65 1 0.362772 -0.931878
17.67 1 0.381335 -0.924437
17.69 1 0.399747 -0.916626
17.71 1 0.417998 -0.908448
17.73 1 0.436082 -0.899907
17.75 1 0.453992 -0.891006
17.77 1 0.47172 -0.881748
17.79 1 0.489259 -0.872138
17.81 1 0.506603 -0.862179
17.83 1 0.523744 -0.851876
17.85 1 0.540676 -0.841231
17.87 1 0.557391 -0.83025
17.89 1 0.573884 -0.818937
17.91 1 0.590147 -0.807296
17.93 1 0.606173 -0.795333
17.95 1 0.621958 -0.783051
17.97 1 0.637493 -0.770456
17.99 1 0.652774 -0.757553
18.01 1 0.667793 -0.744347
18.03 1 0.682546 -0.730843
18.05 1 0.697025 -0.717047
18.07 1 0.711226 -0.702964
18.09 1 0.725142 -0.688599
18.11 1 0.738768 -0.67396
18.13 1 0.752098 -0.659051
18.15 1 0.765128 -0.643878
18.17 1 0.777852 -0.628448
18.19 1 0.790264 -0.612766
18.21 1 0.802361 -0.596839
18.23 1 0.814136 -0.580674
18.25 1 0.825586 -0.564276
18.27 1 0.836706 -0.547652
18.29 1 0.847491 -0.53081
18.31 1 0.857937 -0.513755
18.33 1 0.86804 -0.496495
18.35 1 0.877795 -0.479036
18.37 1 0.8872 -0.461385
18.39 1 0.89625 -0.44355
18.41 1 0.904941 -0.425538
18.43 1 0.91327 -0.407355
18.45 1 0.921234 -0.389009
18.47 1 0.928829 -0.370508
18.49 1 0.936053 -0.351859
18.51 1 0.942903 -0.333068
18.53 1 0.949375 -0.314145
18.55 1 0.955468 -0.295096
18.57 1 0.961178 -0.275929
18.59 1 0.966504 -0.256651
18.61 1 0.971443 -0.237271
18.63 1 0.975994 -0.217796
18.65 1 0.980155 -0.198234
18.67 1 0.983923 -0.178593
18.69 1 0.987298 -0.15888
18.71 1 0.990278 -0.139103
18.73 1 0.992862 -0.119271
18.75 1 0.995048 -0.0993915
18.77 1 0.996837 -0.079472
18.79 1 0.998227 -0.0595207
18.81 1 0.999218 -0.0395456
18.83 1 0.999809 -0.0195547
18.85 1 1 0.000444078
18.87 1 0.999791 0.0204427
18.89 1 0.999182 0.0404331
18.91 1 0.998174 0.0604073
18.93 1 0.996766 0.0803573
18.95 1 0.99496 0.100275
18.97 1 0.992755 0.120153
18.99 1 0.990154 0.139983
19.01 1 0.987156 0.159757
19.03 1 0.983764 0.179466
19.05 1 0.979978 0.199105
19.07 1 0.9758 0.218663
19.09 1 0.971232 0.238134
19.11 1 0.966276 0.25751
19.13 1 0.960933 0.276782
19.15 1 0.955205 0.295944
19.17 1 0.949096 0.314988
19.19 1 0.942606 0.333906
19.21 1 0.93574 0.35269
19.23 1 0.9285 0.371333
19.25 1 0.920888 0.389827
19.27 1 0.912908 0.408166
19.29 1 0.904562 0.426341
19.31 1 0.895855 0.444346
19.33 1 0.88679 0.462173
19.35 1 0.87737 0.479815
19.37 1 0.867598 0.497265
19.39 1 0.85748 0.514517
19.41 1 0.847019 0.531562
19.43 1 0.836219 0.548395
19.45 1 0.825085 0.565009
19.47 1 0.81362 0.581397
19.49 1 0.80183 0.597552
19.51 1 0.78972 0.613468
19.53 1 0.777293 0.629138
19.55 1 0.764556 0.644557
19.57 1 0.751513 0.659718
19.59 1 0.738169 0.674616
19.61 1 0.72453 0.689243
19.63 1 0.710601 0.703595
19.65 1 0.696388 0.717665
19.67 1 0.681896 0.731449
19.69 1 0.667132 0.744939
19.71 1 0.652101 0.758132
19.73 1 0.636809 0.771022
19.75 1 0.621262 0.783603
19.77 1 0.605467 0.795871
19.79 1 0.589429 0.80782
19.81 1 0.573156 0.819446
19.83 1 0.556654 0.830745
19.85 1 0.539929 0.841711
19.87 1 0.522987 0.85234
19.89 1 0.505837 0.862629
19.91 1 0.488485 0.872572
19.93 1 0.470937 0.882167
19.95 1 0.4532 0.891409
19.97 1 0.435283 0.900294
19.99 1 0.417191 0.908819
20.01 1 0.398932 0.91698
20.03 1 0.380514 0.924775
20.05 1 0.361944 0.9322
20.07 1 0.343229 0.939252
20.09 1 0.324376 0.945928
20.11 1 0.305394 0.952226
20.13 1 0.28629 0.958143
20.15 1 0.267071 0.963677
20.17 1 0.247745 0.968825
20.19 1 0.22832 0.973586
20.21 1 0.208804 0.977957
20.23 1 0.189205 0.981938
20.25 1 0.16953 0.985525
20.27 1 0.149786 0.988718
20.29 1 0.129983 0.991516
20.31 1 0.110128 0.993917
20.33 1 0.0902294 0.995921
20.35 1 0.0702942 0.997526
20.37 1 0.050331 0.998733
20.39 1 0.0303476 0.999539
20.41 1 0.0103521 0.999946
20.43 1 -0.0096476 0.999953
20.45 1 -0.0296434 0.999561
20.47 1 -0.0496274 0.998768
20.49 1 -0.0695915 0.997576
20.51 1 -0.0895277 0.995984
20.53 1 -0.109428 0.993995
20.55 1 -0.129285 0.991607
20.57 1 -0.14909 0.988824
20.59 1 -0.168835 0.985644
20.61 1 -0.188513 0.982071
20.63 1 -0.208115 0.978104
20.65 1 -0.227635 0.973747
20.67 1 -0.247063 0.969
20.69 1 -0.266392 0.963865
20.71 1 -0.285615 0.958345
20.73 1 -0.304723 0.952441
20.75 1 -0.32371 0.946156
20.77 1 -0.342567 0.939493
20.79 1 -0.361287 0.932455
20.81 1 -0.379863 0.925043
20.83 1 -0.398286 0.917261
20.85 1 -0.416551 0.909113
20.87 1 -0.434648 0.9006
20.89 1 -0.452572 0.891728
20.91 1 -0.470315 0.882499
20.93 1 -0.48787 0.872916
20.95 1 -0.505229 0.862985
20.97 1 -0.522387 0.852709
20.99 1 -0.539335 0.842091
21.01 1 -0.556068 0.831137
21.03 1 -0.572579 0.81985
21.05 1 -0.58886 0.808235
21.07 1 -0.604906 0.796297
21.09 1 -0.62071 0.78404
21.11 1 -0.636265 0.77147
21.13 1 -0.651567 0.758591
21.15 1 -0.666607 0.745409
21.17 1 -0.681381 0.731929
21.19 1 -0.695882 0.718156
21.21 1 -0.710105 0.704095
21.23 1 -0.724044 0.689754
21.25 1 -0.737694 0.675136
21.27 1 -0.751048 0.660248
21.29 1 -0.764102 0.645096
21.31 1 -0.77685 0.629686
21.33 1 -0.789287 0.614024
21.35 1 -0.801409 0.598116
21.37 1 -0.813211 0.58197
21.39 1 -0.824687 0.56559
21.41 1 -0.835833 0.548984
21.43 1 -0.846644 0.532159
21.45 1 -0.857118 0.515121
21.47 1 -0.867248 0.497877
21.49 1 -0.877031 0.480433
21.51 1 -0.886464 0.462798
21.53 1 -0.895542 0.444977
21.55 1 -0.904262 0.426978
21.57 1 -0.91262 0.408809
21.59 1 -0.920613 0.390476
21.61 1 -0.928238 0.371987
21.63 1 -0.935492 0.353349
21.65 1 -0.942371 0.33457
21.67 1 -0.948873 0.315657
21.69 1 -0.954996 0.296617
21.71 1 -0.960737 0.277459
21.73 1 -0.966094 0.25819
21.75 1 -0.971064 0.238818
21.77 1 -0.975646 0.21935
21.79 1 -0.979838 0.199795
21.81 1 -0.983637 0.180159
21.83 1 -0.987044 0.160452
21.85 1 -0.990055 0.14068
21.87 1 -0.99267 0.120852
21.89 1 -0.994889 0.100976
21.91 1 -0.996709 0.0810595
21.93 1 -0.998131 0.0611105
21.95 1 -0.999154 0.041137
21.97 1 -0.999776 0.021147
21.99 1 -0.999999 0.00114857
22.01 1 -0.999822 -0.0188503
22.03 1 -0.999245 -0.0388417
22.05 1 -0.998269 -0.0588175
22.07 1 -0.996893 -0.0787697
22.09 1 -0.995118 -0.0986905
22.11 1 -0.992945 -0.118572
22.13 1 -0.990376 -0.138406
22.15 1 -0.98741 -0.158184
22.17 1 -0.984049 -0.177899
22.19 1 -0.980294 -0.197544
22.21 1 -0.976147 -0.217109
22.23 1 -0.97161 -0.236587
22.25 1 -0.966685 -0.25597
22.27 1 -0.961372 -0.275252
22.29 1 -0.955675 -0.294423
22.31 1 -0.949596 -0.313476
22.33 1 -0.943137 -0.332404
22.35 1 -0.936301 -0.351199
22.37 1 -0.92909 -0.369854
22.39 1 -0.921508 -0.38836
22.41 1 -0.913557 -0.406711
22.43 1 -0.90524 -0.4249
22.45 1 -0.896562 -0.442919
22.47 1 -0.887525 -0.46076
22.49 1 -0.878133 -0.478417
22.51 1 -0.868389 -0.495883
22.53 1 -0.858299 -0.513151
22.55 1 -0.847865 -0.530213
22.57 1 -0.837092 -0.547063
22.59 1 -0.825984 -0.563694
22.61 1 -0.814545 -0.5801
22.63 1 -0.802781 -0.596274
22.65 1 -0.790696 -0.612209
22.67 1 -0.778294 -0.6279
22.69 1 -0.765582 -0.643339
22.71 1 -0.752563 -0.658521
22.73 1 -0.739243 -0.673439
22.75 1 -0.725627 -0.688088
22.77 1 -0.711721 -0.702462
22.79 1 -0.69753 -0.716555
22.81 1 -0.683061 -0.730362
22.83 1 -0.668318 -0.743876
22.85 1 -0.653307 -0.757093
22.87 1 -0.638036 -0.770007
22.89 1 -0.622509 -0.782612
22.91 1 -0.606734 -0.794905
22.93 1 -0.590715 -0.80688
22.95 1 -0.574461 -0.818532
22.97 1 -0.557976 -0.829857
22.99 1 -0.541268 -0.84085
23.01 1 -0.524344 -0.851506
23.03 1 -0.50721 -0.861822
23.05 1 -0.489874 -0.871793
23.07 1 -0.472341 -0.881416
23.09 1 -0.454619 -0.890686
23.11 1 -0.436716 -0.899599
23.13 1 -0.418638 -0.908153
23.15 1 -0.400392 -0.916344
23.17 1 -0.381987 -0.924168
23.19 1 -0.363428 -0.931622
23.21 1 -0.344724 -0.938704
23.23 1 -0.325882 -0.94541
23.25 1 -0.30691 -0.951738
23.27 1 -0.287815 -0.957686
23.29 1 -0.268605 -0.96325
23.31 1 -0.249288 -0.968429
23.33 1 -0.229871 -0.973221
23.35 1 -0.210362 -0.977624
23.37 1 -0.190768 -0.981635
23.39 1 -0.171099 -0.985254
23.41 1 -0.151361 -0.988479
23.43 1 -0.131562 -0.991308
23.45 1 -0.111711 -0.993741
23.47 1 -0.0918154 -0.995776
23.49 1 -0.0718829 -0.997413
23.51 1 -0.0519215 -0.998651
23.53 1 -0.0319395 -0.99949
23.55 1 -0.0119446 -0.999929
23.57 1 0.00805501 -0.999968
23.59 1 0.0280514 -0.999606
23.61 1 0.0480366 -0.998846
23.63 1 0.0680026 -0.997685
23.65 1 0.0879414 -0.996126
23.67 1 0.107845 -0.994168
23.69 1 0.127705 -0.991812
23.71 1 0.147515 -0.98906
23.73 1 0.167265 -0.985912
23.75 1 0.186949 -0.98237
23.77 1 0.206557 -0.978434
23.79 1 0.226083 -0.974108
23.81 1 0.245519 -0.969392
23.83 1 0.264856 -0.964288
23.85 1 0.284088 -0.958798
23.87 1 0.303206 -0.952925
23.89 1 0.322202 -0.946671
23.91 1 0.34107 -0.940038
23.93 1 0.359801 -0.933029
23.95 1 0.378389 -0.925647
23.97 1 0.396825 -0.917894
23.99 1 0.415102 -0.909775
24.01 1 0.433213 -0.901291
24.03 1 0.451151 -0.892447
24.05 1 0.468909 -0.883247
24.07 1 0.486479 -0.873692
24.09 1 0.503854 -0.863789
24.11 1 0.521028 -0.853539
24.13 1 0.537994 -0.842949
24.15 1 0.554744 -0.832021
24.17 1 0.571272 -0.820761
24.19 1 0.587572 -0.809172
24.21 1 0.603637 -0.797259
24.23 1 0.61946 -0.785028
24.25 1 0.635036 -0.772483
24.27 1 0.650358 -0.759628
24.29 1 0.665419 -0.74647
24.31 1 0.680214 -0.733013
24.33 1 0.694738 -0.719263
24.35 1 0.708983 -0.705226
24.37 1 0.722945 -0.690906
24.39 1 0.736617 -0.67631
24.41 1 0.749995 -0.661443
24.43 1 0.763073 -0.646312
24.45 1 0.775846 -0.630922
24.47 1 0.788309 -0.61528
24.49 1 0.800456 -0.599392
24.51 1 0.812283 -0.583264
24.53 1 0.823785 -0.566903
24.55 1 0.834957 -0.550315
24.57 1 0.845796 -0.533507
24.59 1 0.856296 -0.516485
24.61 1 0.866454 -0.499257
24.63 1 0.876265 -0.481829
24.65 1 0.885726 -0.464209
24.67 1 0.894832 -0.446403
24.69 1 0.903581 -0.428418
24.71 1 0.911968 -0.410262
24.73 1 0.91999 -0.391942
24.75 1 0.927644 -0.373465
24.77 1 0.934928 -0.354838
24.79 1 0.941837 -0.33607
24.81 1 0.94837 -0.317167
24.83 1 0.954523 -0.298138
24.85 1 0.960294 -0.278989
24.87 1 0.965682 -0.259729
24.89 1 0.970683 -0.240364
24.91 1 0.975296 -0.220904
24.93 1 0.979518 -0.201355
24.95 1 0.983349 -0.181726
24.97 1 0.986787 -0.162024
24.99 1 0.98983 -0.142257
25.01 1 0.992477 -0.122433
25.03 1 0.994727 -0.102561
25.05 1 0.996579 -0.0826469
25.07 1 0.998032 -0.0627001
25.09 1 0.999087 -0.0427282
25.11 1 0.999741 -0.0227393
25.13 1 0.999996 -0.00274123
25.15 1 0.999851 0.0172579
25.17 1 0.999306 0.0372502
25.19 1 0.998361 0.0572275
25.21 1 0.997017 0.0771819
25.23 1 0.995274 0.0971055
25.25 1 0.993133 0.11699
25.27 1 0.990595 0.136828
25.29 1 0.98766 0.156611
25.31 1 0.984331 0.176332
25.33 1 0.980607 0.195982
25.35 1 0.976492 0.215554
25.37 1 0.971986 0.235039
25.39 1 0.967091 0.25443
25.41 1 0.961809 0.27372
25.43 1 0.956143 0.2929
25.45 1 0.950094 0.311963
25.47 1 0.943665 0.330902
25.49 1 0.936859 0.349707
25.51 1 0.929678 0.368373
25.53 1 0.922125 0.386892
25.55 1 0.914203 0.405256
25.57 1 0.905916 0.423458
25.59 1 0.897266 0.44149
25.61 1 0.888257 0.459346
25.63 1 0.878893 0.477018
25.65 1 0.869178 0.494499
25.67 1 0.859115 0.511783
25.69 1 0.848708 0.528862
25.71 1 0.837962 0.545729
25.73 1 0.82688 0.562378
25.75 1 0.815468 0.578802
25.77 1 0.80373 0.594994
25.79 1 0.79167 0.610949
25.81 1 0.779293 0.626659
25.83 1 0.766605 0.642119
25.85 1 0.75361 0.657321
25.87 1 0.740314 0.672261
25.89 1 0.726722 0.686932
25.91 1 0.712839 0.701328
25.93 1 0.698671 0.715444
25.95 1 0.684223 0.729273
25.97 1 0.669502 0.742811
25.99 1 0.654512 0.756051
26.01 1 0.639262 0.768989
26.03 1 0.623755 0.78162
26.05 1 0.607999 0.793938
26.07 1 0.592 0.805938
26.09 1 0.575763 0.817616
26.11 1 0.559297 0.828967
26.13 1 0.542607 0.839987
26.15 1 0.5257 0.85067
26.17 1 0.508582 0.861013
26.19 1 0.491262 0.871012
26.21 1 0.473744 0.880662
26.23 1 0.456037 0.889961
26.25 1 0.438148 0.898903
26.27 1 0.420084 0.907485
26.29 1 0.401851 0.915705
26.31 1 0.383458 0.923558
26.33 1 0.364911 0.931042
26.35 1 0.346219 0.938154
26.37 1 0.327388 0.94489
26.39 1 0.308426 0.951248
26.41 1 0.28934 0.957226
26.43 1 0.270139 0.962821
26.45 1 0.25083 0.968031
26.47 1 0.23142 0.972854
26.49 1 0.211918 0.977287
26.51 1 0.192332 0.98133
26.53 1 0.172668 0.98498
26.55 1 0.152935 0.988236
26.57 1 0.133141 0.991097
26.59 1 0.113294 0.993562
26.61 1 0.0934012 0.995629
26.63 1 0.0734713 0.997297
26.65 1 0.053512 0.998567
26.67 1 0.0335313 0.999438
26.69 1 0.0135371 0.999908
26.71 1 -0.0064624 0.999979
26.73 1 -0.0264594 0.99965
26.75 1 -0.0464457 0.998921
26.77 1 -0.0664135 0.997792
26.79 1 -0.0863548 0.996264
26.81 1 -0.106261 0.994338
26.83 1 -0.126126 0.992014
26.85 1 -0.145939 0.989294
26.87 1 -0.165695 0.986177
26.89 1 -0.185384 0.982666
26.91 1 -0.204999 0.978762
26.93 1 -0.224532 0.974467
26.95 1 -0.243975 0.969782
26.97 1 -0.26332 0.964708
26.99 1 -0.282561 0.959249
27.01 1 -0.301688 0.953407
27.03 1 -0.320694 0.947183
27.05 1 -0.339573 0.94058
27.07 1 -0.358315 0.933601
27.09 1 -0.376914 0.926248
27.11 1 -0.395362 0.918525
27.13 1 -0.413653 0.910435
27.15 1 -0.431777 0.90198
27.17 1 -0.449729 0.893165
27.19 1 -0.467502 0.883992
27.21 1 -0.485087 0.874466
27.23 1 -0.502478 0.86459
27.25 1 -0.519668 0.854368
27.27 1 -0.53665 0.843805
27.29 1 -0.553418 0.832904
27.31 1 -0.569964 0.821669
27.33 1 -0.586283 0.810107
27.35 1 -0.602366 0.79822
27.37 1 -0.618209 0.786014
27.39 1 -0.633805 0.773493
27.41 1 -0.649147 0.760663
27.43 1 -0.664229 0.747529
27.45 1 -0.679046 0.734096
27.47 1 -0.693591 0.720369
27.49 1 -0.707859 0.706354
27.51 1 -0.721844 0.692056
27.53 1 -0.735539 0.677482
27.55 1 -0.748941 0.662637
27.57 1 -0.762043 0.647526
27.59 1 -0.77484 0.632157
27.61 1 -0.787328 0.616535
27.63 1 -0.7995 0.600666
27.65 1 -0.811353 0.584557
27.67 1 -0.822881 0.568214
27.69 1 -0.83408 0.551644
27.71 1 -0.844945 0.534853
27.73 1 -0.855472 0.517848
27.75 1 -0.865658 0.500636
27.77 1 -0.875497 0.483224
27.79 1 -0.884985 0.465619
27.81 1 -0.89412 0.447827
27.83 1 -0.902897 0.429857
27.85 1 -0.911313 0.411714
27.87 1 -0.919365 0.393406
27.89 1 -0.927048 0.374942
27.91 1 -0.934361 0.356327
27.93 1 -0.941301 0.33757
27.95 1 -0.947863 0.318677
27.97 1 -0.954047 0.299658
27.99 1 -0.959849 0.280518
28.01 1 -0.965267 0.261266
28.03 1 -0.970299 0.24191
28.05 1 -0.974943 0.222457
28.07 1 -0.979196 0.202915
28.09 1 -0.983059 0.183292
28.11 1 -0.986528 0.163595
28.13 1 -0.989602 0.143833
28.15 1 -0.99228 0.124014
28.17 1 -0.994562 0.104145
28.19 1 -0.996446 0.084234
28.21 1 -0.997931 0.0642895
28.23 1 -0.999017 0.0443194
28.25 1 -0.999704 0.0243315
28.27 1 -0.999991 0.00433387
28.29 1 -0.999877 -0.0156655
28.31 1 -0.999364 -0.0356586
28.33 1 -0.998451 -0.0556374
28.35 1 -0.997139 -0.0755939
28.37 1 -0.995427 -0.0955203
28.39 1 -0.993318 -0.115408
28.41 1 -0.990811 -0.13525
28.43 1 -0.987908 -0.155038
28.45 1 -0.98461 -0.174764
28.47 1 -0.980918 -0.19442
28.49 1 -0.976834 -0.213998
28.51 1 -0.972359 -0.233491
28.53 1 -0.967495 -0.25289
28.55 1 -0.962244 -0.272188
28.57 1 -0.956608 -0.291377
28.59 1 -0.95059 -0.31045
28.61 1 -0.944191 -0.329398
28.63 1 -0.937415 -0.348215
28.65 1 -0.930263 -0.366892
28.67 1 -0.92274 -0.385423
28.69 1 -0.914848 -0.403799
28.71 1 -0.906589 -0.422014
28.73 1 -0.897968 -0.440061
28.75 1 -0.888988 -0.457931
28.77 1 -0.879652 -0.475618
28.79 1 -0.869964 -0.493114
28.81 1 -0.859929 -0.510414
28.83 1 -0.849549 -0.527509
28.85 1 -0.83883 -0.544394
28.87 1 -0.827775 -0.56106
28.89 1 -0.816389 -0.577502
28.91 1 -0.804676 -0.593714
28.93 1 -0.792642 -0.609687
28.95 1 -0.780291 -0.625417
28.97 1 -0.767627 -0.640897
28.99 1 -0.754656 -0.65612
29.01 1 -0.741384 -0.671081
29.03 1 -0.727815 -0.685774
29.05 1 -0.713955 -0.700192
29.07 1 -0.699809 -0.71433
29.09 1 -0.685383 -0.728182
29.11 1 -0.670684 -0.741743
29.13 1 -0.655716 -0.755008
29.15 1 -0.640485 -0.76797
29.17 1 -0.624999 -0.780626
29.19 1 -0.609263 -0.792969
29.21 1 -0.593282 -0.804994
29.23 1 -0.577065 -0.816698
29.25 1 -0.560617 -0.828076
29.27 1 -0.543944 -0.839121
29.29 1 -0.527054 -0.849832
29.31 1 -0.509953 -0.860202
29.33 1 -0.492648 -0.870229
29.35 1 -0.475146 -0.879907
29.37 1 -0.457454 -0.889233
29.39 1 -0.439579 -0.898204
29.41 1 -0.421528 -0.906815
29.43 1 -0.403309 -0.915064
29.45 1 -0.384928 -0.922946
29.47 1 -0.366394 -0.93046
29.49 1 -0.347712 -0.937601
29.51 1 -0.328892 -0.944367
29.53 1 -0.30994 -0.950756
29.55 1 -0.290864 -0.956764
29.57 1 -0.271672 -0.96239
29.59 1 -0.252371 -0.96763
29.61 1 -0.23297 -0.972484
29.63 1 -0.213475 -0.976949
29.65 1 -0.193894 -0.981022
29.67 1 -0.174236 -0.984704
29.69 1 -0.154509 -0.987991
29.71 1 -0.134719 -0.990884
29.73 1 -0.114876 -0.99338
29.75 1 -0.0949868 -0.995479
29.77 1 -0.0750595 -0.997179
29.79 1 -0.0551023 -0.998481
29.81 1 -0.035123 -0.999383
29.83 1 -0.0151296 -0.999886
29.85 1 0.00486977 -0.999988
29.87 1 0.0248672 -0.999691
29.89 1 0.0448547 -0.998994
29.91 1 0.0648243 -0.997897
29.93 1 0.0847679 -0.996401
29.95 1 0.104678 -0.994506
29.97 1 0.124546 -0.992214
29.99 1 0.144364 -0.989525
30.01 1 0.164124 -0.98644
30.03 1 0.183819 -0.98296
30.05 1 0.20344 -0.979087
30.07 1 0.222979 -0.974823
30.09 1 0.24243 -0.970169
30.11 1 0.261784 -0.965127
30.13 1 0.281032 -0.959698
30.15 1 0.300169 -0.953886
30.17 1 0.319185 -0.947692
30.19 1 0.338074 -0.941119
30.21 1 0.356828 -0.93417
30.23 1 0.375438 -0.926847
30.25 1 0.393899 -0.919154
30.27 1 0.412202 -0.911092
30.29 1 0.43034 -0.902667
30.31 1 0.448306 -0.89388
30.33 1 0.466093 -0.884736
30.35 1 0.483693 -0.875237
30.37 1 0.5011 -0.865389
30.39 1 0.518307 -0.855195
30.41 1 0.535306 -0.844658
30.43 1 0.552091 -0.833784
30.45 1 0.568655 -0.822576
30.47 1 0.584992 -0.811039
30.49 1 0.601094 -0.799178
30.51 1 0.616957 -0.786997
30.53 1 0.632572 -0.774501
30.55 1 0.647935 -0.761696
30.57 1 0.663038 -0.748586
30.59 1 0.677876 -0.735176
30.61 1 0.692443 -0.721473
30.63 1 0.706733 -0.70748
30.65 1 0.72074 -0.693205
30.67 1 0.734459 -0.678653
30.69 1 0.747885 -0.663829
30.71 1 0.761011 -0.648739
30.73 1 0.773833 -0.63339
30.75 1 0.786345 -0.617788
30.77 1 0.798542 -0.601939
30.79 1 0.810421 -0.585848
30.81 1 0.821975 -0.569524
30.83 1 0.8332 -0.552972
30.85 1 0.844092 -0.536198
30.87 1 0.854647 -0.51921
30.89 1 0.864859 -0.502015
30.91 1 0.874726 -0.484618
30.93 1 0.884243 -0.467028
30.95 1 0.893406 -0.449251
30.97 1 0.902211 -0.431294
30.99 1 0.910656 -0.413165
31.01 1 0.918737 -0.39487
31.03 1 0.92645 -0.376418
31.05 1 0.933793 -0.357815
31.07 1 0.940762 -0.339068
31.09 1 0.947354 -0.320187
31.11 1 0.953568 -0.301177
31.13 1 0.959401 -0.282046
31.15 1 0.964849 -0.262803
31.17 1 0.969912 -0.243455
31.19 1 0.974587 -0.224009
31.21 1 0.978872 -0.204474
31.23 1 0.982765 -0.184857
31.25 1 0.986266 -0.165166
31.27 1 0.989372 -0.145409
31.29 1 0.992082 -0.125594
31.31 1 0.994395 -0.105729
31.33 1 0.996311 -0.0858208
31.35 1 0.997828 -0.0658788
31.37 1 0.998946 -0.0459104
31.39 1 0.999664 -0.0259236
31.41 1 0.999982 -0.0059265
31.43 1 0.999901 0.014073
31.45 1 0.99942 0.0340669
31.47 1 0.998538 0.0540471
31.49 1 0.997258 0.0740057
31.51 1 0.995578 0.0939348
31.53 1 0.993501 0.113826
31.55 1 0.991026 0.133672
31.57 1 0.988154 0.153465
31.59 1 0.984887 0.173196
31.61 1 0.981227 0.192857
31.63 1 0.977174 0.212442
31.65 1 0.97273 0.231942
31.67 1 0.967897 0.251349
31.69 1 0.962676 0.270655
31.71 1 0.957071 0.289853
31.73 1 0.951083 0.308935
31.75 1 0.944715 0.327894
31.77 1 0.937968 0.346721
31.79 1 0.930847 0.36541
31.81 1 0.923353 0.383953
31.83 1 0.915489 0.402342
31.85 1 0.90726 0.42057
31.87 1 0.898668 0.43863
31.89 1 0.889716 0.456514
31.91 1 0.880408 0.474216
31.93 1 0.870749 0.491728
31.95 1 0.860741 0.509044
31.97 1 0.850388 0.526156
31.99 1 0.839696 0.543057
32.01 1 0.828667 0.559741
32.03 1 0.817308 0.576202
32.05 1 0.805621 0.592431
32.07 1 0.793612 0.608424
32.09 1 0.781286 0.624174
32.11 1 0.768647 0.639674
32.13 1 0.7557 0.654918
32.15 1 0.742452 0.6699
32.17 1 0.728906 0.684614
32.19 1 0.715069 0.699054
32.21 1 0.700946 0.713214
32.23 1 0.686542 0.72709
32.25 1 0.671864 0.740674
32.27 1 0.656917 0.753963
32.29 1 0.641708 0.766949
32.31 1 0.626241 0.779629
32.33 1 0.610525 0.791997
32.35 1 0.594564 0.804049
32.37 1 0.578365 0.815778
32.39 1 0.561935 0.827182
32.41 1 0.54528 0.838254
32.43 1 0.528407 0.848991
32.45 1 0.511322 0.859389
32.47 1 0.494034 0.869443
32.49 1 0.476547 0.879149
32.51 1 0.45887 0.888503
32.53 1 0.441009 0.897503
32.55 1 0.422972 0.906143
32.57 1 0.404766 0.91442
32.59 1 0.386398 0.922332
32.61 1 0.367875 0.929875
32.63 1 0.349205 0.937046
32.65 1 0.330396 0.943842
32.67 1 0.311454 0.950261
32.69 1 0.292388 0.9563
32.71 1 0.273205 0.961956
32.73 1 0.253912 0.967227
32.75 1 0.234518 0.972112
32.77 1 0.21503 0.976607
32.79 1 0.195456 0.980712
32.81 1 0.175804 0.984425
32.83 1 0.156082 0.987744
32.85 1 0.136297 0.990668
32.87 1 0.116458 0.993196
32.89 1 0.0965721 0.995326
32.91 1 0.0766476 0.997058
32.93 1 0.0566925 0.998392
32.95 1 0.0367146 0.999326
32.97 1 0.0167221 0.99986
32.99 1 -0.00327713 0.999995
33.01 1 -0.023275 0.999729
33.03 1 -0.0432636 0.999064
33.05 1 -0.0632349 0.997999
33.07 1 -0.0831809 0.996534
33.09 1 -0.103094 0.994672
33.11 1 -0.122965 0.992411
33.13 1 -0.142787 0.989753
33.15 1 -0.162553 0.9867
33.17 1 -0.182253 0.983252
33.19 1 -0.20188 0.97941
33.21 1 -0.221427 0.975177
33.23 1 -0.240885 0.970554
33.25 1 -0.260246 0.965542
33.27 1 -0.279504 0.960145
33.29 1 -0.298649 0.954363
33.31 1 -0.317676 0.948199
33.33 1 -0.336575 0.941657
33.35 1 -0.355339 0.934737
33.37 1 -0.373962 0.927444
33.39 1 -0.392435 0.91978
33.41 1 -0.410751 0.911748
33.43 1 -0.428902 0.903351
33.45 1 -0.446882 0.894593
33.47 1 -0.464683 0.885477
33.49 1 -0.482299 0.876007
33.51 1 -0.499721 0.866186
33.53 1 -0.516944 0.856019
33.55 1 -0.53396 0.84551
33.57 1 -0.550762 0.834662
33.59 1 -0.567344 0.823481
33.61 1 -0.583699 0.81197
33.63 1 -0.599821 0.800134
33.65 1 -0.615702 0.787979
33.67 1 -0.631338 0.775508
33.69 1 -0.646721 0.762727
33.71 1 -0.661845 0.749641
33.73 1 -0.676704 0.736255
33.75 1 -0.691293 0.722574
33.77 1 -0.705605 0.708605
33.79 1 -0.719635 0.694352
33.81 1 -0.733378 0.679821
33.83 1 -0.746826 0.665019
33.85 1 -0.759977 0.64995
33.87 1 -0.772823 0.634622
33.89 1 -0.78536 0.61904
33.91 1 -0.797583 0.60321
33.93 1 -0.809487 0.587138
33.95 1 -0.821067 0.570832
33.97 1 -0.832318 0.554298
33.99 1 -0.843237 0.537542
34.01 1 -0.853819 0.520571
34.03 1 -0.864059 0.503391
34.05 1 -0.873953 0.486011
34.07 1 -0.883498 0.468436
34.09 1 -0.892689 0.450673
34.11 1 -0.901523 0.43273
34.13 1 -0.909997 0.414615
34.15 1 -0.918107 0.396333
34.17 1 -0.925849 0.377893
34.19 1 -0.933222 0.359301
34.21 1 -0.94022 0.340566
34.23 1 -0.946843 0.321695
34.25 1 -0.953087 0.302695
34.27 1 -0.95895 0.283574
34.29 1 -0.96443 0.26434
34.31 1 -0.969523 0.245
34.33 1 -0.974229 0.225561
34.35 1 -0.978545 0.206033
34.37 1 -0.98247 0.186422
34.39 1 -0.986001 0.166737
34.41 1 -0.989139 0.146985
34.43 1 -0.99188 0.127174
34.45 1 -0.994225 0.107312
34.47 1 -0.996173 0.0874075
34.49 1 -0.997721 0.0674679
34.51 1 -0.998871 0.0475013
34.53 1 -0.999621 0.0275157
34.55 1 -0.999972 0.00751912
34.57 1 -0.999922 -0.0124805
34.59 1 -0.999473 -0.0324751
34.61 1 -0.998623 -0.0524567
34.63 1 -0.997374 -0.0724174
34.65 1 -0.995727 -0.092349
34.67 1 -0.993681 -0.112244
34.69 1 -0.991237 -0.132094
34.71 1 -0.988397 -0.151891
34.73 1 -0.985162 -0.171627
34.75 1 -0.981533 -0.191294
34.77 1 -0.977511 -0.210886
34.79 1 -0.973098 -0.230392
34.81 1 -0.968296 -0.249807
34.83 1 -0.963106 -0.269122
34.85 1 -0.957532 -0.288329
34.87 1 -0.951574 -0.30742
34.89 1 -0.945236 -0.326389
34.91 1 -0.938519 -0.345227
34.93 1 -0.931427 -0.363927
34.95 1 -0.923963 -0.382482
34.97 1 -0.916129 -0.400883
34.99 1 -0.907929 -0.419124
35.01 1 -0.899365 -0.437198
35.03 1 -0.890442 -0.455097
35.05 1 -0.881163 -0.472813
35.07 1 -0.871531 -0.490341
35.09 1 -0.86155 -0.507672
35.11 1 -0.851225 -0.524801
35.13 1 -0.84056 -0.541719
35.15 1 -0.829558 -0.558421
35.17 1 -0.818224 -0.574899
35.19 1 -0.806563 -0.591148
35.21 1 -0.79458 -0.607159
35.23 1 -0.782279 -0.622929
35.25 1 -0.769665 -0.638449
35.27 1 -0.756742 -0.653713
35.29 1 -0.743518 -0.668716
35.31 1 -0.729996 -0.683452
35.33 1 -0.716181 -0.697914
35.35 1 -0.702081 -0.712097
35.37 1 -0.687699 -0.725995
35.39 1 -0.673043 -0.739603
35.41 1 -0.658117 -0.752915
35.43 1 -0.642928 -0.765926
35.45 1 -0.627482 -0.778631
35.47 1 -0.611785 -0.791024
35.49 1 -0.595843 -0.803101
35.51 1 -0.579663 -0.814856
35.53 1 -0.563251 -0.826286
35.55 1 -0.546614 -0.837385
35.57 1 -0.529758 -0.848149
35.59 1 -0.51269 -0.858574
35.61 1 -0.495418 -0.868655
35.63 1 -0.477947 -0.878389
35.65 1 -0.460284 -0.887772
35.67 1 -0.442438 -0.896799
35.69 1 -0.424415 -0.905468
35.71 1 -0.406222 -0.913775
35.73 1 -0.387866 -0.921716
35.75 1 -0.369356 -0.929288
35.77 1 -0.350697 -0.936489
35.79 1 -0.331899 -0.943315
35.81 1 -0.312967 -0.949764
35.83 1 -0.293911 -0.955833
35.85 1 -0.274736 -0.96152
35.87 1 -0.255452 -0.966822
35.89 1 -0.236066 -0.971737
35.91 1 -0.216585 -0.976264
35.93 1 -0.197018 -0.9804
35.95 1 -0.177372 -0.984144
35.97 1 -0.157655 -0.987494
35.99 1 -0.137875 -0.99045
36.01 1 -0.11804 -0.993009
36.03 1 -0.0981572 -0.995171
36.05 1 -0.0782355 -0.996935
36.07 1 -0.0582825 -0.9983
36.09 1 -0.0383061 -0.999266
36.11 1 -0.0183145 -0.999832
36.13 1 0.00168448 -0.999999
36.15 1 0.0216828 -0.999765
36.17 1 0.0416724 -0.999131
36.19 1 0.0616454 -0.998098
36.21 1 0.0815937 -0.996666
36.23 1 0.101509 -0.994835
36.25 1 0.121384 -0.992606
36.27 1 0.141211 -0.98998
36.29 1 0.160981 -0.986958
36.31 1 0.180687 -0.983541
36.33 1 0.20032 -0.979731
36.35 1 0.219873 -0.975528
36.37 1 0.239338 -0.970936
36.39 1 0.258708 -0.965956
36.41 1 0.277974 -0.960589
36.43 1 0.297129 -0.954837
36.45 1 0.316165 -0.948704
36.47 1 0.335075 -0.942192
36.49 1 0.35385 -0.935302
36.51 1 0.372484 -0.928039
36.53 1 0.390969 -0.920404
36.55 1 0.409298 -0.912401
36.57 1 0.427463 -0.904033
36.59 1 0.445457 -0.895303
36.61 1 0.463273 -0.886216
36.63 1 0.480903 -0.876774
36.65 1 0.498341 -0.866981
36.67 1 0.51558 -0.856841
36.69 1 0.532613 -0.846359
36.71 1 0.549432 -0.835538
36.73 1 0.566032 -0.824383
36.75 1 0.582405 -0.812899
36.77 1 0.598546 -0.801089
36.79 1 0.614447 -0.788958
36.81 1 0.630102 -0.776512
36.83 1 0.645505 -0.763756
36.85 1 0.66065 -0.750694
36.87 1 0.675531 -0.737332
36.89 1 0.690141 -0.723675
36.91 1 0.704476 -0.709728
36.93 1 0.718529 -0.695497
36.95 1 0.732294 -0.680989
36.97 1 0.745766 -0.666208
36.99 1 0.758941 -0.65116
37.01 1 0.771811 -0.635852
37.03 1 0.784373 -0.62029
37.05 1 0.796621 -0.604479
37.07 1 0.80855 -0.588427
37.09 1 0.820156 -0.572139
37.11 1 0.831434 -0.555623
37.13 1 0.84238 -0.538884
37.15 1 0.852988 -0.52193
37.17 1 0.863256 -0.504767
37.19 1 0.873178 -0.487402
37.21 1 0.882751 -0.469842
37.23 1 0.89197 -0.452094
37.25 1 0.900833 -0.434166
37.27 1 0.909336 -0.416063
37.29 1 0.917474 -0.397795
37.31 1 0.925246 -0.379367
37.33 1 0.932648 -0.360787
37.35 1 0.939677 -0.342063
37.37 1 0.94633 -0.323203
37.39 1 0.952604 -0.304213
37.41 1 0.958497 -0.285101
37.43 1 0.964007 -0.265875
37.45 1 0.969132 -0.246543
37.47 1 0.973868 -0.227113
37.49 1 0.978216 -0.207591
37.51 1 0.982172 -0.187987
37.53 1 0.985735 -0.168307
37.55 1 0.988903 -0.14856
37.57 1 0.991677 -0.128753
37.59 1 0.994053 -0.108895
37.61 1 0.996032 -0.088994
37.63 1 0.997613 -0.0690568
37.65 1 0.998794 -0.0490921
37.67 1 0.999576 -0.0291077
37.69 1 0.999958 -0.00911172
37.71 1 0.999941 0.0108879
37.73 1 0.999523 0.0308832
37.75 1 0.998705 0.0508662
37.77 1 0.997488 0.0708288
37.79 1 0.995873 0.0907631
37.81 1 0.993858 0.110661
37.83 1 0.991446 0.130515
37.85 1 0.988638 0.150316
37.87 1 0.985434 0.170058
37.89 1 0.981836 0.189731
37.91 1 0.977845 0.209328
37.93 1 0.973464 0.228842
37.95 1 0.968692 0.248264
37.97 1 0.963534 0.267587
37.99 1 0.95799 0.286803
38.01 1 0.952062 0.305904
38.03 1 0.945754 0.324883
38.05 1 0.939068 0.343732
38.07 1 0.932006 0.362443
38.09 1 0.924571 0.38101
38.11 1 0.916766 0.399424
38.13 1 0.908595 0.417678
38.15 1 0.90006 0.435765
38.17 1 0.891166 0.453678
38.19 1 0.881915 0.471409
38.21 1 0.872311 0.488952
38.23 1 0.862358 0.506299
38.25 1 0.85206 0.523444
38.27 1 0.841421 0.54038
38.29 1 0.830446 0.557099
38.31 1 0.819139 0.573595
38.33 1 0.807504 0.589862
38.35 1 0.795546 0.605893
38.37 1 0.78327 0.621682
38.39 1 0.77068 0.637222
38.41 1 0.757783 0.652507
38.43 1 0.744582 0.667531
38.45 1 0.731083 0.682288
38.47 1 0.717292 0.696773
38.49 1 0.703214 0.710978
38.51 1 0.688855 0.724899
38.53 1 0.67422 0.73853
38.55 1 0.659316 0.751866
38.57 1 0.644147 0.764901
38.59 1 0.628722 0.77763
38.61 1 0.613044 0.790049
38.63 1 0.597122 0.802151
38.65 1 0.58096 0.813932
38.67 1 0.564567 0.825387
38.69 1 0.547947 0.836513
38.71 1 0.531108 0.847304
38.73 1 0.514057 0.857756
38.75 1 0.4968 0.867865
38.77 1 0.479345 0.877627
38.79 1 0.461698 0.887037
38.81 1 0.443866 0.896093
38.83 1 0.425856 0.904791
38.85 1 0.407677 0.913126
38.87 1 0.389334 0.921097
38.89 1 0.370835 0.928699
38.91 1 0.352188 0.935929
38.93 1 0.333401 0.942785
38.95 1 0.314479 0.949264
38.97 1 0.295432 0.955364
38.99 1 0.276267 0.961081
39.01 1 0.256992 0.966414
39.03 1 0.237613 0.97136
39.05 1 0.21814 0.975917
39.07 1 0.198579 0.980085
39.09 1 0.178939 0.98386
39.11 1 0.159228 0.987242
39.13 1 0.139452 0.990229
39.15 1 0.119621 0.99282
39.17 1 0.099742 0.995013
39.19 1 0.0798232 0.996809
39.21 1 0.0598723 0.998206
39.23 1 0.0398976 0.999204
39.25 1 0.0199069 0.999802
39.27 1 -9.18301e-05 1
39.29 1 -0.0200905 0.999798
39.31 1 -0.0400811 0.999196
39.33 1 -0.0600557 0.998195
39.35 1 -0.0800062 0.996794
39.37 1 -0.0999248 0.994995
39.39 1 -0.119803 0.992798
39.41 1 -0.139634 0.990203
39.43 1 -0.159409 0.987213
39.45 1 -0.17912 0.983827
39.47 1 -0.198759 0.980048
39.49 1 -0.218319 0.975877
39.51 1 -0.237792 0.971316
39.53 1 -0.257169 0.966366
39.55 1 -0.276444 0.96103
39.57 1 -0.295608 0.955309
39.59 1 -0.314654 0.949207
39.61 1 -0.333574 0.942724
39.63 1 -0.35236 0.935864
39.65 1 -0.371006 0.928631
39.67 1 -0.389503 0.921025
39.69 1 -0.407844 0.913051
39.71 1 -0.426023 0.904713
39.73 1 -0.44403 0.896012
39.75 1 -0.461861 0.886953
39.77 1 -0.479506 0.877539
39.79 1 -0.49696 0.867774
39.81 1 -0.514215 0.857661
39.83 1 -0.531264 0.847206
39.85 1 -0.548101 0.836412
39.87 1 -0.564718 0.825284
39.89 1 -0.58111 0.813825
39.91 1 -0.597269 0.802041
39.93 1 -0.613189 0.789936
39.95 1 -0.628864 0.777515
39.97 1 -0.644288 0.764783
39.99 1 -0.659454 0.751745
40.01 1 -0.674356 0.738407
40.03 1 -0.688988 0.724773
40.05 1 -0.703345 0.710849
40.07 1 -0.71742 0.696641
40.09 1 -0.731208 0.682154
40.11 1 -0.744704 0.667394
40.13 1 -0.757902 0.652368
40.15 1 -0.770797 0.63708
40.17 1 -0.783384 0.621538
40.19 1 -0.795657 0.605747
40.21 1 -0.807612 0.589714
40.23 1 -0.819244 0.573445
40.25 1 -0.830549 0.556946
40.27 1 -0.841521 0.540225
40.29 1 -0.852156 0.523288
40.31 1 -0.862451 0.506141
40.33 1 -0.8724 0.488792
40.35 1 -0.882001 0.471247
40.37 1 -0.891249 0.453514
40.39 1 -0.90014 0.4356
40.41 1 -0.908672 0.417511
40.43 1 -0.91684 0.399255
40.45 1 -0.924641 0.38084
40.47 1 -0.932072 0.362272
40.49 1 -0.939131 0.34356
40.51 1 -0.945814 0.324709
40.53 1 -0.952118 0.305729
40.55 1 -0.958042 0.286627
40.57 1 -0.963583 0.26741
40.59 1 -0.968738 0.248086
40.61 1 -0.973506 0.228663
40.63 1 -0.977884 0.209149
40.65 1 -0.981871 0.189551
40.67 1 -0.985465 0.169877
40.69 1 -0.988666 0.150135
40.71 1 -0.99147 0.130333
40.73 1 -0.993879 0.110479
40.75 1 -0.995889 0.0905802
40.77 1 -0.997501 0.0706456
40.79 1 -0.998715 0.0506828
40.81 1 -0.999529 0.0306997
40.83 1 -0.999943 0.0107043
40.85 1 -0.999957 -0.00929537
40.87 1 -0.999571 -0.0292913
40.89 1 -0.998785 -0.0492755
40.91 1 -0.9976 -0.0692401
40.93 1 -0.996016 -0.0891769
40.95 1 -0.994033 -0.109078
40.97 1 -0.991653 -0.128936
40.99 1 -0.988876 -0.148742
41.01 1 -0.985704 -0.168488
41.03 1 -0.982137 -0.188167
41.05 1 -0.978178 -0.207771
41.07 1 -0.973827 -0.227292
41.09 1 -0.969086 -0.246721
41.11 1 -0.963959 -0.266052
41.13 1 -0.958445 -0.285277
41.15 1 -0.952548 -0.304388
41.17 1 -0.94627 -0.323376
41.19 1 -0.939614 -0.342236
41.21 1 -0.932582 -0.360959
41.23 1 -0.925177 -0.379537
41.25 1 -0.917401 -0.397963
41.27 1 -0.909259 -0.41623
41.29 1 -0.900753 -0.434331
41.31 1 -0.891887 -0.452258
41.33 1 -0.882664 -0.470004
41.35 1 -0.873088 -0.487562
41.37 1 -0.863163 -0.504925
41.39 1 -0.852893 -0.522086
41.41 1 -0.842281 -0.539039
41.43 1 -0.831332 -0.555775
41.45 1 -0.820051 -0.57229
41.47 1 -0.808442 -0.588575
41.49 1 -0.79651 -0.604625
41.51 1 -0.784259 -0.620434
41.53 1 -0.771694 -0.635994
41.55 1 -0.758821 -0.651299
41.57 1 -0.745644 -0.666344
41.59 1 -0.732169 -0.681123
41.61 1 -0.718401 -0.695629
41.63 1 -0.704346 -0.709857
41.65 1 -0.690009 -0.723801
41.67 1 -0.675395 -0.737456
41.69 1 -0.660512 -0.750815
41.71 1 -0.645365 -0.763874
41.73 1 -0.629959 -0.776628
41.75 1 -0.614302 -0.789071
41.77 1 -0.598399 -0.801199
41.79 1 -0.582256 -0.813006
41.81 1 -0.565881 -0.824487
41.83 1 -0.549279 -0.835639
41.85 1 -0.532457 -0.846457
41.87 1 -0.515423 -0.856936
41.89 1 -0.498182 -0.867072
41.91 1 -0.480742 -0.876862
41.93 1 -0.46311 -0.886301
41.95 1 -0.445292 -0.895385
41.97 1 -0.427297 -0.904111
41.99 1 -0.40913 -0.912476
42.01 1 -0.3908 -0.920476
42.03 1 -0.372314 -0.928107
42.05 1 -0.353678 -0.935367
42.07 1 -0.334902 -0.942253
42.09 1 -0.315991 -0.948762
42.11 1 -0.296954 -0.954892
42.13 1 -0.277798 -0.96064
42.15 1 -0.258531 -0.966003
42.17 1 -0.23916 -0.97098
42.19 1 -0.219694 -0.975569
42.21 1 -0.20014 -0.979767
42.23 1 -0.180506 -0.983574
42.25 1 -0.1608 -0.986987
42.27 1 -0.141029 -0.990005
42.29 1 -0.121202 -0.992628
42.31 1 -0.101327 -0.994853
42.33 1 -0.0814106 -0.996681
42.35 1 -0.0614621 -0.998109
42.37 1 -0.0414889 -0.999139
42.39 1 -0.0214992 -0.999769
42.41 1 -0.00150082 -0.999999
42.43 1 0.0184981 -0.999829
42.45 1 0.0384897 -0.999259
42.47 1 0.0584658 -0.998289
42.49 1 0.0784186 -0.996921
42.51 1 0.09834 -0.995153
42.53 1 0.118222 -0.992987
42.55 1 0.138057 -0.990424
42.57 1 0.157836 -0.987465
42.59 1 0.177553 -0.984111
42.61 1 0.197198 -0.980364
42.63 1 0.216765 -0.976224
42.65 1 0.236245 -0.971694
42.67 1 0.25563 -0.966775
42.69 1 0.274913 -0.961469
42.71 1 0.294086 -0.955779
42.73 1 0.313142 -0.949706
42.75 1 0.332072 -0.943254
42.77 1 0.350869 -0.936424
42.79 1 0.369526 -0.92922
42.81 1 0.388036 -0.921644
42.83 1 0.40639 -0.9137
42.85 1 0.424581 -0.90539
42.87 1 0.442603 -0.896718
42.89 1 0.460447 -0.887687
42.91 1 0.478108 -0.878301
42.93 1 0.495577 -0.868564
42.95 1 0.512848 -0.858479
42.97 1 0.529914 -0.848051
42.99 1 0.546768 -0.837284
43.01 1 0.563403 -0.826182
43.03 1 0.579813 -0.81475
43.05 1 0.595991 -0.802991
43.07 1 0.611931 -0.790912
43.09 1 0.627625 -0.778516
43.11 1 0.643069 -0.765808
43.13 1 0.658256 -0.752795
43.15 1 0.673179 -0.73948
43.17 1 0.687833 -0.725869
43.19 1 0.702212 -0.711968
43.21 1 0.71631 -0.697783
43.23 1 0.730121 -0.683318
43.25 1 0.743641 -0.66858
43.27 1 0.756863 -0.653574
43.29 1 0.769782 -0.638307
43.31 1 0.782393 -0.622785
43.33 1 0.794691 -0.607014
43.35 1 0.806672 -0.590999
43.37 1 0.81833 -0.574749
43.39 1 0.82966 -0.558268
43.41 1 0.840659 -0.541565
43.43 1 0.851322 -0.524644
43.45 1 0.861644 -0.507514
43.47 1 0.871621 -0.490181
43.49 1 0.881249 -0.472651
43.51 1 0.890526 -0.454933
43.53 1 0.899446 -0.437033
43.55 1 0.908006 -0.418958
43.57 1 0.916203 -0.400715
43.59 1 0.924033 -0.382312
43.61 1 0.931494 -0.363756
43.63 1 0.938583 -0.345055
43.65 1 0.945295 -0.326215
43.67 1 0.95163 -0.307245
43.69 1 0.957584 -0.288153
43.71 1 0.963156 -0.268945
43.73 1 0.968342 -0.249629
43.75 1 0.97314 -0.230214
43.77 1 0.977549 -0.210706
43.79 1 0.981568 -0.191114
43.81 1 0.985194 -0.171446
43.83 1 0.988425 -0.151709
43.85 1 0.991261 -0.131912
43.87 1 0.993701 -0.112061
43.89 1 0.995744 -0.0921662
43.91 1 0.997388 -0.0722342
43.93 1 0.998633 -0.0522733
43.95 1 0.999478 -0.0322915
43.97 1 0.999924 -0.0122968
43.99 1 0.99997 0.00770277
44.01 1 0.999616 0.0276993
44.03 1 0.998862 0.0476848
44.05 1 0.997709 0.0676511
44.07 1 0.996157 0.0875905
44.09 1 0.994206 0.107495
44.11 1 0.991857 0.127356
44.13 1 0.989112 0.147166
44.15 1 0.985971 0.166918
44.17 1 0.982435 0.186603
44.19 1 0.978507 0.206213
44.21 1 0.974188 0.22574
44.23 1 0.969478 0.245178
44.25 1 0.964381 0.264517
44.27 1 0.958898 0.28375
44.29 1 0.953032 0.30287
44.31 1 0.946784 0.321869
44.33 1 0.940158 0.340739
44.35 1 0.933156 0.359473
44.37 1 0.92578 0.378063
44.39 1 0.918034 0.396502
44.41 1 0.909921 0.414782
44.43 1 0.901444 0.432896
44.45 1 0.892606 0.450837
44.47 1 0.883412 0.468598
44.49 1 0.873864 0.486171
44.51 1 0.863966 0.50355
44.53 1 0.853723 0.520727
44.55 1 0.843138 0.537697
44.57 1 0.832217 0.554451
44.59 1 0.820962 0.570983
44.61 1 0.809379 0.587287
44.63 1 0.797472 0.603356
44.65 1 0.785246 0.619184
44.67 1 0.772706 0.634764
44.69 1 0.759857 0.65009
44.71 1 0.746704 0.665156
44.73 1 0.733253 0.679956
44.75 1 0.719508 0.694484
44.77 1 0.705475 0.708735
44.79 1 0.69116 0.722701
44.81 1 0.676569 0.736379
44.83 1 0.661707 0.749762
44.85 1 0.646581 0.762846
44.87 1 0.631195 0.775624
44.89 1 0.615558 0.788092
44.91 1 0.599674 0.800245
44.93 1 0.58355 0.812077
44.95 1 0.567193 0.823585
44.97 1 0.550609 0.834763
44.99 1 0.533805 0.845608
45.01 1 0.516787 0.856114
45.03 1 0.499562 0.866278
45.05 1 0.482138 0.876095
45.07 1 0.464521 0.885562
45.09 1 0.446718 0.894675
45.11 1 0.428736 0.90343
45.13 1 0.410583 0.911823
45.15 1 0.392266 0.919852
45.17 1 0.373791 0.927513
45.19 1 0.355168 0.934803
45.21 1 0.336402 0.941719
45.23 1 0.317501 0.948258
45.25 1 0.298474 0.954418
45.27 1 0.279327 0.960196
45.29 1 0.260069 0.96559
45.31 1 0.240706 0.970598
45.33 1 0.221247 0.975218
45.35 1 0.2017 0.979447
45.37 1 0.182072 0.983285
45.39 1 0.162371 0.98673
45.41 1 0.142606 0.98978
45.43 1 0.122783 0.992434
45.45 1 0.102911 0.994691
45.47 1 0.0829979 0.99655
45.49 1 0.0630516 0.99801
45.51 1 0.0430801 0.999072
45.53 1 0.0230914 0.999733
45.55 1 0.00309347 0.999995
45.57 1 -0.0169057 0.999857
45.59 1 -0.0368981 0.999319
45.61 1 -0.0568758 0.998381
45.63 1 -0.0768307 0.997044
45.65 1 -0.0967549 0.995308
45.67 1 -0.11664 0.993174
45.69 1 -0.136479 0.990643
45.71 1 -0.156263 0.987715
45.73 1 -0.175985 0.984393
45.75 1 -0.195637 0.980676
45.77 1 -0.21521 0.976568
45.79 1 -0.234697 0.972069
45.81 1 -0.25409 0.967181
45.83 1 -0.273381 0.961906
45.85 1 -0.292563 0.956246
45.87 1 -0.311629 0.950204
45.89 1 -0.330569 0.943782
45.91 1 -0.349377 0.936982
45.93 1 -0.368046 0.929808
45.95 1 -0.386567 0.922261
45.97 1 -0.404934 0.914346
45.99 1 -0.423139 0.906065
46.01 1 -0.441174 0.897422
46.03 1 -0.459033 0.888419
46.05 1 -0.476708 0.879061
46.07 1 -0.494193 0.869352
46.09 1 -0.51148 0.859295
46.11 1 -0.528563 0.848894
46.13 1 -0.545434 0.838154
46.15 1 -0.562087 0.827078
46.17 1 -0.578515 0.815672
46.19 1 -0.594711 0.803939
46.21 1 -0.61067 0.791885
46.23 1 -0.626385 0.779514
46.25 1 -0.641849 0.766831
46.27 1 -0.657056 0.753842
46.29 1 -0.672 0.740551
46.31 1 -0.686676 0.726964
46.33 1 -0.701077 0.713086
46.35 1 -0.715197 0.698922
46.37 1 -0.729032 0.68448
46.39 1 -0.742575 0.669763
46.41 1 -0.755821 0.654779
46.43 1 -0.768764 0.639532
46.45 1 -0.7814 0.62403
46.47 1 -0.793724 0.608278
46.49 1 -0.80573 0.592283
46.51 1 -0.817413 0.576051
46.53 1 -0.82877 0.559589
46.55 1 -0.839796 0.542903
46.57 1 -0.850485 0.525999
46.59 1 -0.860834 0.508886
46.61 1 -0.870839 0.491568
46.63 1 -0.880496 0.474054
46.65 1 -0.8898 0.456351
46.67 1 -0.898748 0.438465
46.69 1 -0.907337 0.420403
46.71 1 -0.915563 0.402174
46.73 1 -0.923423 0.383783
46.75 1 -0.930914 0.365239
46.77 1 -0.938032 0.346549
46.79 1 -0.944775 0.32772
46.81 1 -0.95114 0.308761
46.83 1 -0.957124 0.289677
46.85 1 -0.962726 0.270478
46.87 1 -0.967943 0.251171
46.89 1 -0.972772 0.231763
46.91 1 -0.977213 0.212263
46.93 1 -0.981262 0.192677
46.95 1 -0.984919 0.173015
46.97 1 -0.988182 0.153283
46.99 1 -0.99105 0.13349
47.01 1 -0.993522 0.113644
47.03 1 -0.995596 0.0937519
47.05 1 -0.997271 0.0738226
47.07 1 -0.998548 0.0538637
47.09 1 -0.999426 0.0338833
47.11 1 -0.999904 0.0138894
47.13 1 -0.999981 -0.00611016
47.15 1 -0.999659 -0.0261072
47.17 1 -0.998937 -0.0460939
47.19 1 -0.997816 -0.0660621
47.21 1 -0.996295 -0.0860038
47.23 1 -0.994376 -0.105911
47.25 1 -0.992059 -0.125776
47.27 1 -0.989345 -0.145591
47.29 1 -0.986235 -0.165347
47.31 1 -0.982731 -0.185038
47.33 1 -0.978834 -0.204654
47.35 1 -0.974546 -0.224188
47.37 1 -0.969867 -0.243633
47.39 1 -0.964801 -0.262981
47.41 1 -0.959349 -0.282223
47.43 1 -0.953513 -0.301352
47.45 1 -0.947296 -0.320361
47.47 1 -0.940699 -0.339241
47.49 1 -0.933727 -0.357986
47.51 1 -0.926381 -0.376588
47.53 1 -0.918664 -0.395039
47.55 1 -0.91058 -0.413332
47.57 1 -0.902132 -0.43146
47.59 1 -0.893323 -0.449415
47.61 1 -0.884157 -0.46719
47.63 1 -0.874637 -0.484779
47.65 1 -0.864767 -0.502173
47.67 1 -0.854551 -0.519367
47.69 1 -0.843994 -0.536353
47.71 1 -0.833099 -0.553125
47.73 1 -0.82187 -0.569675
47.75 1 -0.810313 -0.585997
47.77 1 -0.798432 -0.602085
47.79 1 -0.786231 -0.617932
47.81 1 -0.773716 -0.633532
47.83 1 -0.760892 -0.648879
47.85 1 -0.747763 -0.663966
47.87 1 -0.734335 -0.678787
47.89 1 -0.720613 -0.693337
47.91 1 -0.706603 -0.70761
47.93 1 -0.692311 -0.7216
47.95 1 -0.677741 -0.735301
47.97 1 -0.6629 -0.748708
47.99 1 -0.647795 -0.761815
48.01 1 -0.63243 -0.774618
48.03 1 -0.616812 -0.78711
48.05 1 -0.600948 -0.799288
48.07 1 -0.584843 -0.811147
48.09 1 -0.568504 -0.822681
48.11 1 -0.551938 -0.833885
48.13 1 -0.535151 -0.844757
48.15 1 -0.51815 -0.85529
48.17 1 -0.500941 -0.865481
48.19 1 -0.483533 -0.875326
48.21 1 -0.465931 -0.884821
48.23 1 -0.448142 -0.893962
48.25 1 -0.430175 -0.902746
48.27 1 -0.412035 -0.911168
48.29 1 -0.39373 -0.919226
48.31 1 -0.375268 -0.926916
48.33 1 -0.356656 -0.934236
48.35 1 -0.337901 -0.941182
48.37 1 -0.319011 -0.947751
48.39 1 -0.299994 -0.953941
48.41 1 -0.280856 -0.95975
48.43 1 -0.261606 -0.965175
48.45 1 -0.242252 -0.970213
48.47 1 -0.2228 -0.974864
48.49 1 -0.20326 -0.979125
48.51 1 -0.183638 -0.982994
48.53 1 -0.163943 -0.98647
48.55 1 -0.144182 -0.989551
48.57 1 -0.124363 -0.992237
48.59 1 -0.104495 -0.994525
48.61 1 -0.0845849 -0.996416
48.63 1 -0.064641 -0.997909
48.65 1 -0.0446713 -0.999002
48.67 1 -0.0246836 -0.999695
48.69 1 -0.00468611 -0.999989
48.71 1 0.0153133 -0.999883
48.73 1 0.0353065 -0.999377
48.75 1 0.0552857 -0.998471
48.77 1 0.0752427 -0.997165
48.79 1 0.0951696 -0.995461
48.81 1 0.115058 -0.993359
48.83 1 0.134901 -0.990859
48.85 1 0.15469 -0.987963
48.87 1 0.174417 -0.984672
48.89 1 0.194074 -0.980987
48.91 1 0.213654 -0.976909
48.93 1 0.233148 -0.972441
48.95 1 0.252549 -0.967584
48.97 1 0.271849 -0.96234
48.99 1 0.29104 -0.956711
49.01 1 0.310115 -0.950699
49.03 1 0.329066 -0.944307
49.05 1 0.347885 -0.937537
49.07 1 0.366565 -0.930393
49.09 1 0.385098 -0.922876
49.11 1 0.403477 -0.91499
49.13 1 0.421695 -0.906738
49.15 1 0.439744 -0.898123
49.17 1 0.457618 -0.889149
49.19 1 0.475308 -0.87982
49.21 1 0.492808 -0.870138
49.23 1 0.510111 -0.860109
49.25 1 0.52721 -0.849735
49.27 1 0.544098 -0.839022
49.29 1 0.560769 -0.827973
49.31 1 0.577215 -0.816592
49.33 1 0.59343 -0.804885
49.35 1 0.609408 -0.792857
49.37 1 0.625142 -0.780511
49.39 1 0.640626 -0.767853
49.41 1 0.655854 -0.754887
49.43 1 0.67082 -0.74162
49.45 1 0.685517 -0.728056
49.47 1 0.69994 -0.714201
49.49 1 0.714083 -0.700061
49.51 1 0.727941 -0.68564
49.53 1 0.741507 -0.670945
49.55 1 0.754777 -0.655982
49.57 1 0.767745 -0.640756
49.59 1 0.780405 -0.625274
49.61 1 0.792754 -0.609542
49.63 1 0.804785 -0.593566
49.65 1 0.816495 -0.577353
49.67 1 0.827878 -0.560908
49.69 1 0.83893 -0.54424
49.71 1 0.849646 -0.527353
49.73 1 0.860023 -0.510256
49.75 1 0.870055 -0.492955
49.77 1 0.879739 -0.475456
49.79 1 0.889072 -0.457767
49.81 1 0.898049 -0.439896
49.83 1 0.906667 -0.421848
49.85 1 0.914922 -0.403631
49.87 1 0.922811 -0.385253
49.89 1 0.930331 -0.366721
49.91 1 0.937479 -0.348043
49.93 1 0.944252 -0.329225
49.95 1 0.950647 -0.310275
49.97 1 0.956662 -0.291201
49.99 1 0.962294 -0.272011
50.01 1 0.967541 -0.252712
50.03 1 0.972402 -0.233312
50.05 1 0.976873 -0.213819
50.07 1 0.980954 -0.19424
50.09 1 0.984642 -0.174583
50.11 1 0.987937 -0.154857
50.13 1 0.990836 -0.135068
50.15 1 0.993339 -0.115226
50.17 1 0.995445 -0.0953374
50.19 1 0.997153 -0.0754108
50.21 1 0.998461 -0.055454
50.23 1 0.999371 -0.035475
50.25 1 0.99988 -0.0154818
50.27 1 0.99999 0.00451753
50.29 1 0.999699 0.0245151
50.31 1 0.999009 0.0445028
50.33 1 0.997919 0.0644728
50.35 1 0.996431 0.084417
50.37 1 0.994543 0.104327
50.39 1 0.992258 0.124196
50.41 1 0.989576 0.144015
50.43 1 0.986497 0.163776
50.45 1 0.983025 0.183472
50.47 1 0.979159 0.203095
50.49 1 0.974902 0.222636
50.51 1 0.970254 0.242088
50.53 1 0.965219 0.261444
50.55 1 0.959797 0.280694
50.57 1 0.953992 0.299833
50.59 1 0.947805 0.318852
50.61 1 0.941239 0.337743
50.63 1 0.934296 0.356499
50.65 1 0.92698 0.375112
50.67 1 0.919292 0.393575
50.69 1 0.911238 0.411881
50.71 1 0.902818 0.430022
50.73 1 0.894038 0.447992
50.75 1 0.8849 0.465781
50.77 1 0.875408 0.483385
50.79 1 0.865566 0.500795
50.81 1 0.855377 0.518005
50.83 1 0.844847 0.535008
50.85 1 0.833978 0.551797
50.87 1 0.822776 0.568365
50.89 1 0.811245 0.584706
50.91 1 0.79939 0.600813
50.93 1 0.787214 0.616679
50.95 1 0.774724 0.632299
50.97 1 0.761924 0.647666
50.99 1 0.748819 0.662774
51.01 1 0.735415 0.677617
51.03 1 0.721716 0.692189
51.05 1 0.707729 0.706484
51.07 1 0.693459 0.720496
51.09 1 0.678911 0.73422
51.11 1 0.664092 0.747651
51.13 1 0.649007 0.760782
51.15 1 0.633663 0.773609
51.17 1 0.618065 0.786127
51.19 1 0.60222 0.79833
51.21 1 0.586134 0.810214
51.23 1 0.569813 0.821774
51.25 1 0.553265 0.833005
51.27 1 0.536495 0.843903
51.29 1 0.519511 0.854464
51.31 1 0.502319 0.864682
51.33 1 0.484926 0.874555
51.35 1 0.467339 0.884078
51.37 1 0.449565 0.893247
51.39 1 0.431612 0.902059
51.41 1 0.413485 0.910511
51.43 1 0.395194 0.918598
51.45 1 0.376744 0.926317
51.47 1 0.358144 0.933667
51.49 1 0.3394 0.940642
51.51 1 0.32052 0.947242
51.53 1 0.301513 0.953462
51.55 1 0.282384 0.959301
51.57 1 0.263143 0.964757
51.59 1 0.243797 0.969826
51.61 1 0.224353 0.974508
51.63 1 0.204819 0.9788
51.65 1 0.185203 0.9827
51.67 1 0.165514 0.986208
51.69 1 0.145758 0.98932
51.71 1 0.125943 0.992037
51.73 1 0.106079 0.994358
51.75 1 0.0861718 0.99628
51.77 1 0.0662303 0.997804
51.79 1 0.0462623 0.998929
51.81 1 0.0262758 0.999655
51.83 1 0.00627874 0.99998
51.85 1 -0.0137208 0.999906
51.87 1 -0.0337148 0.999431
51.89 1 -0.0536954 0.998557
51.91 1 -0.0736545 0.997284
51.93 1 -0.0935841 0.995611
51.95 1 -0.113476 0.993541
51.97 1 -0.133323 0.991073
51.99 1 -0.153117 0.988208
52.01 1 -0.172849 0.984948
52.03 1 -0.192512 0.981295
52.05 1 -0.212098 0.977248
52.07 1 -0.231599 0.972811
52.09 1 -0.251008 0.967985
52.11 1 -0.270316 0.962772
52.13 1 -0.289516 0.957173
52.15 1 -0.3086 0.951192
52.17 1 -0.327561 0.94483
52.19 1 -0.346391 0.93809
52.21 1 -0.365082 0.930975
52.23 1 -0.383628 0.923488
52.25 1 -0.402019 0.915631
52.27 1 -0.42025 0.907408
52.29 1 -0.438313 0.898822
52.31 1 -0.456201 0.889877
52.33 1 -0.473906 0.880575
52.35 1 -0.491422 0.870922
52.37 1 -0.508741 0.86092
52.39 1 -0.525856 0.850574
52.41 1 -0.542761 0.839887
52.43 1 -0.559449 0.828865
52.45 1 -0.575914 0.817511
52.47 1 -0.592148 0.80583
52.49 1 -0.608145 0.793826
52.51 1 -0.623898 0.781505
52.53 1 -0.639403 0.768872
52.55 1 -0.654651 0.755931
52.57 1 -0.669638 0.742688
52.59 1 -0.684357 0.729147
52.61 1 -0.698802 0.715315
52.63 1 -0.712968 0.701197
52.65 1 -0.726848 0.686798
52.67 1 -0.740438 0.672125
52.69 1 -0.753731 0.657183
52.71 1 -0.766723 0.641978
52.73 1 -0.779409 0.626516
52.75 1 -0.791782 0.610804
52.77 1 -0.803839 0.594847
52.79 1 -0.815574 0.578652
52.81 1 -0.826984 0.562226
52.83 1 -0.838062 0.545575
52.85 1 -0.848805 0.528706
52.87 1 -0.859209 0.511625
52.89 1 -0.869269 0.49434
52.91 1 -0.878981 0.476857
52.93 1 -0.888342 0.459183
52.95 1 -0.897347 0.441325
52.97 1 -0.905994 0.423291
52.99 1 -0.914278 0.405088
53.01 1 -0.922196 0.386723
53.03 1 -0.929746 0.368203
53.05 1 -0.936923 0.349535
53.07 1 -0.943726 0.330728
53.09 1 -0.950151 0.311789
53.11 1 -0.956197 0.292725
53.13 1 -0.96186 0.273543
53.15 1 -0.967138 0.254253
53.17 1 -0.972029 0.234861
53.19 1 -0.976532 0.215374
53.21 1 -0.980643 0.195802
53.23 1 -0.984363 0.176151
53.25 1 -0.987689 0.15643
53.27 1 -0.99062 0.136646
53.29 1 -0.993155 0.116808
53.31 1 -0.995292 0.0969227
53.33 1 -0.997031 0.0769988
53.35 1 -0.998372 0.0570441
53.37 1 -0.999313 0.0370666
53.39 1 -0.999854 0.0170743
53.41 1 -0.999996 -0.00292488
53.43 1 -0.999737 -0.0229229
53.45 1 -0.999079 -0.0429117
53.47 1 -0.998021 -0.0628834
53.49 1 -0.996564 -0.0828299
53.51 1 -0.994708 -0.102743
53.53 1 -0.992454 -0.122616
53.55 1 -0.989804 -0.142439
53.57 1 -0.986757 -0.162205
53.59 1 -0.983316 -0.181906
53.61 1 -0.979481 -0.201535
53.63 1 -0.975255 -0.221083
53.65 1 -0.970639 -0.240543
53.67 1 -0.965634 -0.259906
53.69 1 -0.960243 -0.279165
53.71 1 -0.954468 -0.298313
53.73 1 -0.948311 -0.317342
53.75 1 -0.941775 -0.336243
53.77 1 -0.934862 -0.35501
53.79 1 -0.927576 -0.373635
53.81 1 -0.919918 -0.392111
53.83 1 -0.911892 -0.410429
53.85 1 -0.903502 -0.428584
53.87 1 -0.89475 -0.446567
53.89 1 -0.88564 -0.464372
53.91 1 -0.876177 -0.48199
53.93 1 -0.866362 -0.499416
53.95 1 -0.856201 -0.516642
53.97 1 -0.845698 -0.533662
53.99 1 -0.834856 -0.550468
54.01 1 -0.823681 -0.567054
54.03 1 -0.812176 -0.583413
54.05 1 -0.800346 -0.599539
54.07 1 -0.788196 -0.615425
54.09 1 -0.77573 -0.631065
54.11 1 -0.762955 -0.646452
54.13 1 -0.749874 -0.661581
54.15 1 -0.736493 -0.676445
54.17 1 -0.722818 -0.691039
54.19 1 -0.708853 -0.705356
54.21 1 -0.694606 -0.719391
54.23 1 -0.68008 -0.733138
54.25 1 -0.665282 -0.746592
54.27 1 -0.650218 -0.759748
54.29 1 -0.634894 -0.772599
54.31 1 -0.619316 -0.785142
54.33 1 -0.603491 -0.79737
54.35 1 -0.587423 -0.80928
54.37 1 -0.571121 -0.820866
54.39 1 -0.554591 -0.832123
54.41 1 -0.537839 -0.843048
54.43 1 -0.520871 -0.853635
54.45 1 -0.503696 -0.863881
54.47 1 -0.486318 -0.873782
54.49 1 -0.468747 -0.883333
54.51 1 -0.450988 -0.89253
54.53 1 -0.433048 -0.901371
54.55 1 -0.414935 -0.909851
54.57 1 -0.396656 -0.917967
54.59 1 -0.378219 -0.925716
54.61 1 -0.35963 -0.933095
54.63 1 -0.340898 -0.9401
54.65 1 -0.322029 -0.94673
54.67 1 -0.303031 -0.952981
54.69 1 -0.283912 -0.95885
54.71 1 -0.264679 -0.964336
54.73 1 -0.245341 -0.969437
54.75 1 -0.225904 -0.974149
54.77 1 -0.206378 -0.978472
54.79 1 -0.186768 -0.982404
54.81 1 -0.167084 -0.985943
54.83 1 -0.147333 -0.989087
54.85 1 -0.127523 -0.991836
54.87 1 -0.107662 -0.994188
54.89 1 -0.0877584 -0.996142
54.91 1 -0.0678193 -0.997698
54.93 1 -0.0478532 -0.998854
54.95 1 -0.0278678 -0.999612
54.97 1 -0.00787136 -0.999969
54.99 1 0.0121283 -0.999926
55.01 1 0.032123 -0.999484
55.03 1 0.052105 -0.998642
55.05 1 0.072066 -0.9974
55.07 1 0.0919983 -0.995759
55.09 1 0.111894 -0.99372
55.11 1 0.131744 -0.991284
55.13 1 0.151542 -0.988451
55.15 1 0.17128 -0.985222
55.17 1 0.190949 -0.9816
55.19 1 0.210541 -0.977585
55.21 1 0.23005 -0.973179
55.23 1 0.249466 -0.968384
55.25 1 0.268782 -0.963201
55.27 1 0.287991 -0.957633
55.29 1 0.307085 -0.951682
55.31 1 0.326056 -0.94535
55.33 1 0.344897 -0.938641
55.35 1 0.363599 -0.931556
55.37 1 0.382156 -0.924098
55.39 1 0.400561 -0.91627
55.41 1 0.418805 -0.908076
55.43 1 0.436881 -0.899519
55.45 1 0.454783 -0.890602
55.47 1 0.472503 -0.881329
55.49 1 0.490034 -0.871703
55.51 1 0.507369 -0.861729
55.53 1 0.524501 -0.85141
55.55 1 0.541423 -0.84075
55.57 1 0.558128 -0.829755
55.59 1 0.574611 -0.818427
55.61 1 0.590863 -0.806772
55.63 1 0.60688 -0.794794
55.65 1 0.622653 -0.782498
55.67 1 0.638177 -0.769889
55.69 1 0.653447 -0.756973
55.71 1 0.668454 -0.743753
55.73 1 0.683195 -0.730236
55.75 1 0.697662 -0.716427
55.77 1 0.71185 -0.702332
55.79 1 0.725753 -0.687955
55.81 1 0.739366 -0.673303
55.83 1 0.752684 -0.658383
55.85 1 0.7657 -0.643198
55.87 1 0.77841 -0.627757
55.89 1 0.790808 -0.612064
55.91 1 0.802891 -0.596126
55.93 1 0.814652 -0.57995
55.95 1 0.826087 -0.563542
55.97 1 0.837192 -0.546909
55.99 1 0.847962 -0.530057
56.01 1 0.858393 -0.512993
56.03 1 0.86848 -0.495724
56.05 1 0.87822 -0.478256
56.07 1 0.887609 -0.460597
56.09 1 0.896643 -0.442754
56.11 1 0.905318 -0.424734
56.13 1 0.913631 -0.406544
56.15 1 0.921579 -0.388191
56.17 1 0.929158 -0.369683
56.19 1 0.936365 -0.351027
56.21 1 0.943198 -0.332231
56.23 1 0.949654 -0.313302
56.25 1 0.955729 -0.294247
56.27 1 0.961423 -0.275075
56.29 1 0.966732 -0.255793
56.31 1 0.971654 -0.236408
56.33 1 0.976187 -0.216929
56.35 1 0.98033 -0.197363
56.37 1 0.984081 -0.177719
56.39 1 0.987439 -0.158003
56.41 1 0.990401 -0.138224
56.43 1 0.992967 -0.118389
56.45 1 0.995136 -0.0985077
56.47 1 0.996907 -0.0785866
56.49 1 0.99828 -0.0586341
56.51 1 0.999252 -0.0386581
56.53 1 0.999826 -0.0186667
56.55 1 0.999999 0.00133223
56.57 1 0.999772 0.0213306
56.59 1 0.999146 0.0413205
56.61 1 0.99812 0.0612938
56.63 1 0.996694 0.0812426
56.65 1 0.99487 0.101159
56.67 1 0.992648 0.121035
56.69 1 0.990029 0.140862
56.71 1 0.987014 0.160633
56.73 1 0.983604 0.18034
56.75 1 0.979801 0.199975
56.77 1 0.975606 0.21953
56.79 1 0.97102 0.238996
56.81 1 0.966047 0.258368
56.83 1 0.960686 0.277636
56.85 1 0.954942 0.296793
56.87 1 0.948815 0.315831
56.89 1 0.94231 0.334743
56.91 1 0.935427 0.353521
56.93 1 0.92817 0.372157
56.95 1 0.920541 0.390645
56.97 1 0.912545 0.408977
56.99 1 0.904183 0.427144
57.01 1 0.89546 0.445141
57.03 1 0.886379 0.46296
57.05 1 0.876943 0.480594
57.07 1 0.867156 0.498036
57.09 1 0.857023 0.515278
57.11 1 0.846547 0.532314
57.13 1 0.835732 0.549138
57.15 1 0.824583 0.565742
57.17 1 0.813104 0.582119
57.19 1 0.801299 0.598263
57.21 1 0.789175 0.614169
57.23 1 0.776734 0.629828
57.25 1 0.763983 0.645236
57.27 1 0.750927 0.660386
57.29 1 0.73757 0.675271
57.31 1 0.723918 0.689886
57.33 1 0.709976 0.704226
57.35 1 0.69575 0.718284
57.37 1 0.681247 0.732054
57.39 1 0.66647 0.745532
57.41 1 0.651427 0.758711
57.43 1 0.636124 0.771587
57.45 1 0.620566 0.784154
57.47 1 0.60476 0.796408
57.49 1 0.588712 0.808343
57.51 1 0.572428 0.819955
57.53 1 0.555916 0.831239
57.55 1 0.539181 0.84219
57.57 1 0.52223 0.852805
57.59 1 0.505071 0.863078
57.61 1 0.487709 0.873006
57.63 1 0.470153 0.882585
57.65 1 0.452408 0.891811
57.67 1 0.434483 0.90068
57.69 1 0.416384 0.909189
57.71 1 0.398118 0.917334
57.73 1 0.379693 0.925113
57.75 1 0.361116 0.932521
57.77 1 0.342394 0.939556
57.79 1 0.323536 0.946216
57.81 1 0.304548 0.952497
57.83 1 0.285439 0.958397
57.85 1 0.266215 0.963914
57.87 1 0.246885 0.969045
57.89 1 0.227456 0.973788
57.91 1 0.207936 0.978142
57.93 1 0.188333 0.982105
57.95 1 0.168654 0.985675
57.97 1 0.148908 0.988851
57.99 1 0.129103 0.991631
58.01 1 0.109246 0.994015
58.03 1 0.0893448 0.996001
58.05 1 0.0694082 0.997588
58.07 1 0.0494439 0.998777
58.09 1 0.0294598 0.999566
58.11 1 0.00946395 0.999955
58.13 1 -0.0105357 0.999944
58.15 1 -0.0305312 0.999534
58.17 1 -0.0505144 0.998723
58.19 1 -0.0704774 0.997513
58.21 1 -0.0904123 0.995904
58.23 1 -0.110311 0.993897
58.25 1 -0.130166 0.991492
58.27 1 -0.149968 0.988691
58.29 1 -0.169711 0.985494
58.31 1 -0.189385 0.981903
58.33 1 -0.208984 0.977919
58.35 1 -0.228499 0.973544
58.37 1 -0.247923 0.96878
58.39 1 -0.267248 0.963628
58.41 1 -0.286466 0.95809
58.43 1 -0.305569 0.95217
58.45 1 -0.32455 0.945869
58.47 1 -0.343401 0.939189
58.49 1 -0.362115 0.932133
58.51 1 -0.380684 0.924705
58.53 1 -0.399101 0.916907
58.55 1 -0.417358 0.908742
58.57 1 -0.435448 0.900214
58.59 1 -0.453364 0.891325
58.61 1 -0.471099 0.882081
58.63 1 -0.488645 0.872483
58.65 1 -0.505996 0.862536
58.67 1 -0.523144 0.852244
58.69 1 -0.540083 0.841612
58.71 1 -0.556806 0.830642
58.73 1 -0.573307 0.819341
58.75 1 -0.589578 0.807712
58.77 1 -0.605613 0.795759
58.79 1 -0.621406 0.783489
58.81 1 -0.63695 0.770905
58.83 1 -0.65224 0.758012
58.85 1 -0.667269 0.744817
58.87 1 -0.682031 0.731323
58.89 1 -0.69652 0.717538
58.91 1 -0.71073 0.703465
58.93 1 -0.724657 0.68911
58.95 1 -0.738293 0.67448
58.97 1 -0.751634 0.65958
58.99 1 -0.764674 0.644417
59.01 1 -0.777409 0.628995
59.03 1 -0.789833 0.613323
59.05 1 -0.80194 0.597404
59.07 1 -0.813727 0.581247
59.09 1 -0.825189 0.564857
59.11 1 -0.83632 0.548242
59.13 1 -0.847117 0.531407
59.15 1 -0.857575 0.514359
59.17 1 -0.86769 0.497106
59.19 1 -0.877458 0.479654
59.21 1 -0.886875 0.46201
59.23 1 -0.895937 0.444181
59.25 1 -0.904641 0.426175
59.27 1 -0.912983 0.407998
59.29 1 -0.92096 0.389658
59.31 1 -0.928568 0.371162
59.33 1 -0.935805 0.352518
59.35 1 -0.942668 0.333733
59.37 1 -0.949153 0.314814
59.39 1 -0.955259 0.295769
59.41 1 -0.960983 0.276606
59.43 1 -0.966323 0.257332
59.45 1 -0.971276 0.237956
59.47 1 -0.975841 0.218484
59.49 1 -0.980015 0.198925
59.51 1 -0.983797 0.179286
59.53 1 -0.987186 0.159575
59.55 1 -0.99018 0.139801
59.57 1 -0.992777 0.119971
59.59 1 -0.994978 0.100093
59.61 1 -0.996781 0.0801743
59.63 1 -0.998185 0.060224
59.65 1 -0.99919 0.0402495
59.67 1 -0.999795 0.020259
59.69 1 -1 0.000260418
59.71 1 -0.999805 -0.0197383
59.73 1 -0.99921 -0.0397291
59.75 1 -0.998216 -0.0597041
59.77 1 -0.996822 -0.0796551
59.79 1 -0.99503 -0.0995743
59.81 1 -0.99284 -0.119454
59.83 1 -0.990252 -0.139285
59.85 1 -0.987269 -0.159061
59.87 1 -0.98389 -0.178773
59.89 1 -0.980118 -0.198414
59.91 1 -0.975954 -0.217975
59.93 1 -0.9714 -0.23745
59.95 1 -0.966457 -0.256829
59.97 1 -0.961127 -0.276105
59.99 1 -0.955413 -0.295271
60.01 1 -0.949317 -0.314319
60.03 1 -0.942841 -0.333242
60.05 1 -0.935989 -0.35203
60.07 1 -0.928761 -0.370679
60.09 1 -0.921162 -0.389178
60.11 1 -0.913195 -0.407523
60.13 1 -0.904863 -0.425704
60.15 1 -0.896168 -0.443715
60.17 1 -0.887115 -0.461548
60.19 1 -0.877707 -0.479197
60.21 1 -0.867949 -0.496654
60.23 1 -0.857843 -0.513913
60.25 1 -0.847393 -0.530966
60.27 1 -0.836605 -0.547806
60.29 1 -0.825483 -0.564428
60.31 1 -0.81403 -0.580823
60.33 1 -0.802251 -0.596987
60.35 1 -0.790152 -0.612911
60.37 1 -0.777736 -0.628591
60.39 1 -0.76501 -0.644018
60.41 1 -0.751977 -0.659189
60.43 1 -0.738644 -0.674096
60.45 1 -0.725015 -0.688733
60.47 1 -0.711097 -0.703094
60.49 1 -0.696893 -0.717175
60.51 1 -0.682412 -0.730968
60.53 1 -0.667657 -0.744469
60.55 1 -0.652635 -0.757673
60.57 1 -0.637352 -0.770573
60.59 1 -0.621814 -0.783165
60.61 1 -0.606027 -0.795444
60.63 1 -0.589998 -0.807404
60.65 1 -0.573733 -0.819042
60.67 1 -0.557239 -0.830352
60.69 1 -0.540521 -0.84133
60.71 1 -0.523588 -0.851972
60.73 1 -0.506445 -0.862272
60.75 1 -0.489099 -0.872228
60.77 1 -0.471558 -0.881835
60.79 1 -0.453828 -0.891089
60.81 1 -0.435917 -0.899987
60.83 1 -0.417831 -0.908525
60.85 1 -0.399578 -0.916699
60.87 1 -0.381166 -0.924507
60.89 1 -0.3626 -0.931945
60.91 1 -0.34389 -0.93901
60.93 1 -0.325043 -0.945699
60.95 1 -0.306065 -0.952011
60.97 1 -0.286965 -0.957941
60.99 1 -0.26775 -0.963488
61.01 1 -0.248428 -0.96865
61.03 1 -0.229006 -0.973425
61.05 1 -0.209493 -0.97781
61.07 1 -0.189897 -0.981804
61.09 1 -0.170224 -0.985405
61.11 1 -0.150483 -0.988613
61.13 1 -0.130682 -0.991424
61.15 1 -0.110829 -0.99384
61.17 1 -0.090931 -0.995857
61.19 1 -0.070997 -0.997477
61.21 1 -0.0510346 -0.998697
61.23 1 -0.0310518 -0.999518
61.25 1 -0.0110565 -0.999939
61.27 1 0.00894314 -0.99996
61.29 1 0.0289392 -0.999581
61.31 1 0.0489237 -0.998803
61.33 1 0.0688887 -0.997624
61.35 1 0.088826 -0.996047
61.37 1 0.108728 -0.994072
61.39 1 0.128586 -0.991698
61.41 1 0.148393 -0.988928
61.43 1 0.168141 -0.985763
61.45 1 0.187821 -0.982203
61.47 1 0.207426 -0.978251
61.49 1 0.226948 -0.973907
61.51 1 0.24638 -0.969173
61.53 1 0.265713 -0.964052
61.55 1 0.284939 -0.958546
61.57 1 0.304052 -0.952655
61.59 1 0.323043 -0.946384
61.61 1 0.341905 -0.939735
61.63 1 0.36063 -0.932709
61.65 1 0.379211 -0.92531
61.67 1 0.39764 -0.917542
61.69 1 0.41591 -0.909406
61.71 1 0.434014 -0.900906
61.73 1 0.451944 -0.892046
61.75 1 0.469693 -0.88283
61.77 1 0.487255 -0.87326
61.79 1 0.504621 -0.863341
61.81 1 0.521786 -0.853076
61.83 1 0.538742 -0.842471
61.85 1 0.555483 -0.831528
61.87 1 0.572001 -0.820253
61.89 1 0.588291 -0.80865
61.91 1 0.604345 -0.796723
61.93 1 0.620157 -0.784477
61.95 1 0.635722 -0.771918
61.97 1 0.651032 -0.75905
61.99 1 0.666082 -0.745879
62.01 1 0.680865 -0.732409
62.03 1 0.695376 -0.718646
62.05 1 0.709609 -0.704596
62.07 1 0.723558 -0.690263
62.09 1 0.737218 -0.675655
62.11 1 0.750583 -0.660777
62.13 1 0.763647 -0.645634
62.15 1 0.776406 -0.630233
62.17 1 0.788855 -0.61458
62.19 1 0.800988 -0.598681
62.21 1 0.8128 -0.582542
62.23 1 0.824288 -0.566171
62.25 1 0.835446 -0.549573
62.27 1 0.846269 -0.532755
62.29 1 0.856754 -0.515725
62.31 1 0.866897 -0.498487
62.33 1 0.876693 -0.481051
62.35 1 0.886138 -0.463422
62.37 1 0.895228 -0.445608
62.39 1 0.903961 -0.427615
62.41 1 0.912332 -0.409452
62.43 1 0.920338 -0.391124
62.45 1 0.927976 -0.372641
62.47 1 0.935242 -0.354008
62.49 1 0.942135 -0.335234
62.51 1 0.948651 -0.316325
62.53 1 0.954787 -0.29729
62.55 1 0.960542 -0.278136
62.57 1 0.965912 -0.258871
62.59 1 0.970896 -0.239502
62.61 1 0.975491 -0.220038
62.63 1 0.979697 -0.200485
62.65 1 0.98351 -0.180852
62.67 1 0.98693 -0.161147
62.69 1 0.989956 -0.141378
62.71 1 0.992585 -0.121552
62.73 1 0.994817 -0.101677
62.75 1 0.996652 -0.0817617
62.77 1 0.998088 -0.0618136
62.79 1 0.999124 -0.0418409
62.81 1 0.999761 -0.0218513
62.83 1 0.999998 -0.00185307
62.8319 1 1 -2.44929e-15
