=== Output from mainA ===
VTAV == D    : 1
VDVT == A    : 1
VTV == I    : 1
VVT == I    : 1

=== Output from mainB ===
eigenvalues:
0 -0.498756
1 -0.124909
2 -0.0498961
3 0.0167198
4 0.112824
5 0.237094
6 0.388162
7 0.565272
8 0.767949
9 0.995867
10 1.24879
11 1.52651
12 1.82888
13 2.15576
14 2.50699
15 2.88247
16 3.28206
17 3.70564
18 4.15307
19 4.62424
20 5.11901
21 5.63724
22 6.17879
23 6.74352
24 7.33129
25 7.94194
26 8.57531
27 9.23124
28 9.90957
29 10.6101
30 11.3327
31 12.0772
32 12.8433
33 13.6309
34 14.4398
35 15.2698
36 16.1206
37 16.9921
38 17.8841
39 18.7963
40 19.7284
41 20.6804
42 21.6519
43 22.6426
44 23.6524
45 24.681
46 25.7281
47 26.7936
48 27.877
49 28.9781
50 30.0968
51 31.2326
52 32.3853
53 33.5547
54 34.7404
55 35.9422
56 37.1597
57 38.3926
58 39.6407
59 40.9036
60 42.1811
61 43.4727
62 44.7783
63 46.0974
64 47.4297
65 48.7749
66 50.1328
67 51.5028
68 52.8848
69 54.2783
70 55.6831
71 57.0987
72 58.5248
73 59.9611
74 61.4072
75 62.8628
76 64.3275
77 65.8009
78 67.2827
79 68.7725
80 70.2699
81 71.7746
82 73.2862
83 74.8043
84 76.3285
85 77.8586
86 79.394
87 80.9345
88 82.4795
89 84.0289
90 85.5821
91 87.1388
92 88.6986
93 90.2611
94 91.826
95 93.3928
96 94.9612
97 96.5307
98 98.101
99 99.6718
100 101.243
101 102.813
102 104.382
103 105.951
104 107.518
105 109.083
106 110.646
107 112.206
108 113.762
109 115.316
110 116.865
111 118.411
112 119.952
113 121.487
114 123.018
115 124.542
116 126.061
117 127.573
118 129.078
119 130.576
120 132.066
121 133.549
122 135.023
123 136.488
124 137.944
125 139.391
126 140.828
127 142.255
128 143.671
129 145.077
130 146.471
131 147.854
132 149.225
133 150.584
134 151.93
135 153.263
136 154.583
137 155.89
138 157.183
139 158.461
140 159.725
141 160.975
142 162.209
143 163.428
144 164.631
145 165.818
146 166.989
147 168.143
148 169.28
149 170.4
150 171.503
151 172.588
152 173.655
153 174.704
154 175.735
155 176.746
156 177.739
157 178.713
158 179.667
159 180.601
160 181.516
161 182.41
162 183.284
163 184.137
164 184.97
165 185.781
166 186.572
167 187.341
168 188.088
169 188.814
170 189.518
171 190.199
172 190.859
173 191.496
174 192.11
175 192.702
176 193.271
177 193.817
178 194.34
179 194.84
180 195.317
181 195.77
182 196.199
183 196.605
184 196.988
185 197.347
186 197.682
187 197.993
188 198.281
189 198.545
190 198.785
191 199.002
192 199.196
193 199.366
194 199.515
195 199.641
196 199.746
197 199.831
198 199.899
