0.1 0.180547826972 0.180967483607
0.2 0.326787073624 0.327492301231
0.3 0.443607355959 0.444490932409
0.4 0.535278854186 0.536256036829
0.5 0.605525878219 0.606530659713
0.6 0.657592067218 0.658573963313
0.7 0.694298081692 0.695219425308
0.8 0.718092717804 0.718926342588
0.9 0.731098099367 0.731825387533
1 0.735149653666 0.735758882343
1.1 0.731831420704 0.732316384136
1.2 0.722507272461 0.722866108589
1.3 0.708348436269 0.708582661888
1.4 0.690357796923 0.690471499036
1.5 0.669391306546 0.669390480445
1.6 0.646176861177 0.646068857583
1.7 0.6213308976 0.621123981779
1.8 0.59537301249 0.595075997598
1.9 0.568738791069 0.568360753046
2 0.541791086339 0.541341132946
2.1 0.514829904405 0.514316998663
2.2 0.488101073245 0.487533896794
2.3 0.461803827187 0.461190681125
2.4 0.436097446381 0.435446175789
2.5 0.411107046692 0.410424993119
2.6 0.386928635651 0.386222606715
2.7 0.363633510142 0.362909768795
2.8 0.341272094288 0.340536350701
2.9 0.319877249751 0.319134676327
3 0.299467172181 0.298722410207
3.1 0.280047866731 0.27930505484
3.2 0.261615315052 0.260878105462
3.3 0.244157312011 0.243428904848
3.4 0.227655068549 0.22693823573
3.5 0.2120845644 0.211381683956
3.6 0.197417718332 0.196730801621
3.7 0.183623373771 0.182954095881
3.8 0.17066813646 0.170017866107
3.9 0.158517081716 0.157886909277
4 0.147134346165 0.14652511111
4.1 0.13648362175 0.135895938294
4.2 0.126528565013 0.125962845292
4.3 0.117233128376 0.116689607505
4.4 0.108561837532 0.108040591147
4.5 0.100480001301 0.0999809688442
4.6 0.0929538885581 0.0924768888506
4.7 0.085950853252 0.0854956047559
4.8 0.0794394415966 0.0790055716706
4.9 0.0733894505584 0.0729765140951
5 0.0677719805854 0.0673794699909
5.1 0.0625594550188 0.0621868149683
5.2 0.0577256381758 0.0573722699759
5.3 0.0532456187655 0.0529108954132
5.4 0.0490958041872 0.0487790741802
5.5 0.0452538893664 0.0449544858231
5.6 0.0416988295537 0.0414160736246
5.7 0.038410795747 0.0381440062152
5.8 0.0353711388797 0.0351196350464
5.9 0.0325623461585 0.0323254488615
6 0.0299679840871 0.02974502612
6.1 0.0275726641956 0.0273629861777
6.2 0.0253619812978 0.0251649398901
6.3 0.0233224769989 0.0231374401906
6.4 0.0214415753944 0.0212679330966
6.5 0.0197075533185 0.0195447095087
6.6 0.0181094766067 0.0179568580956
6.7 0.0166371669652 0.0164942194958
6.8 0.0152811512209 0.0151473420107
6.9 0.0140326231283 0.0139074389209
7 0.0128833972879 0.0127663475178
7.1 0.0118258761065 0.0117164899104
7.2 0.0108530075495 0.0107508356406
7.3 0.00995825155155 0.00986286611783
7.4 0.00913554689602 0.00904654086472
7.5 0.00837928001355 0.00829626555222
7.6 0.00768425265546 0.0076068617883
7.7 0.00704565419537 0.00697353861646
7.8 0.00645903844408 0.00639186567208
7.9 0.00592028995783 0.00585774793925
8 0.00542560938524 0.00536740204644
8.1 0.00497148416715 0.00491733403688
8.2 0.00455467607224 0.00450431854754
8.3 0.00417219181256 0.00412537932999
8.4 0.00382127309799 0.0037777710462
8.5 0.00349937404032 0.00345896227318
8.6 0.00320414833069 0.00316661965108
8.7 0.00293343239933 0.00289859311118
8.8 0.00268523346317 0.00265290212168
8.9 0.00245771725275 0.00242772289138
9 0.00224919492769 0.00222137647356
9.1 0.00205811019182 0.00203231771452
9.2 0.00188303197532 0.0018591249938
9.3 0.00172264415807 0.00170049070549
9.4 0.00157573480644 0.00155521243246
9.5 0.00144119059747 0.00142218476787
9.6 0.00131798773475 0.00130039174062
9.7 0.00120518802211 0.00118889980403
9.8 0.00110192381935 0.00108685134887
9.9 0.0010074039517 0.000993458704712
10 0.000920897140822 0.00090799859525
10.1 0.000841734768429 0.000829807015551
10.2 0.000769300911895 0.000758274501156
10.3 0.000703033207343 0.000692841760826
10.4 0.000642413257822 0.000632995646575
10.5 0.000586965172831 0.000578265436345
10.6 0.000536255547663 0.000528219406308
10.7 0.000489883141257 0.000482461671343
10.8 0.000447481121639 0.000440629273681
10.9 0.000408714182879 0.000402389501108
11 0.000373275295046 0.000367437417385
11.1 0.0003408807399 0.000335493588801
11.2 0.000311271467773 0.000306301991871
11.3 0.000284212372488 0.000279628088316
11.4 0.000259485349335 0.000255257054411
11.5 0.00023689077716 0.000232992152769
11.6 0.000216246980358 0.000212653235481
11.7 0.000197387701155 0.000194075368362
11.8 0.00018015982329 0.000177107566796
11.9 0.000164423942233 0.000161611634416
12 0.000150051377838 0.00014746109648
12.1 0.000136927218837 0.000134540220448
12.2 0.000124941857515 0.000122743116814
12.3 0.000113998343494 0.000111972913792
12.4 0.000104004984625 0.000102140999947
12.5 9.48833464218e-05 9.3166329302e-05
12.6 8.65553874364e-05 8.49747839003e-05
12.7 7.8952983218e-05 7.74985891741e-05
12.8 7.20140722097e-05 7.06757778442e-05
12.9 6.56815773283e-05 6.44496984074e-05
13 5.99014901126e-05 5.87685645815e-05
13.1 5.46264041427e-05 5.35850423625e-05
13.2 4.98136775839e-05 4.88558716162e-05
13.3 4.54222648539e-05 4.4541519371e-05
13.4 4.1415234968e-05 4.06058622054e-05
13.5 3.77606252034e-05 3.70158953324e-05
13.6 3.44263063451e-05 3.37414661748e-05
13.7 3.13844402939e-05 3.07550304074e-05
13.8 2.86102876615e-05 2.80314285997e-05
13.9 2.60792058118e-05 2.55476817496e-05
14 2.37704177928e-05 2.32828041349e-05
14.1 2.16650586485e-05 2.12176320379e-05
14.2 1.97466020736e-05 1.93346670169e-05
14.3 1.79948050637e-05 1.76179325074e-05
14.4 1.63985491895e-05 1.6052842635e-05
14.5 1.49441356711e-05 1.46260822145e-05
14.6 1.36176973517e-05 1.33254969943e-05
14.7 1.24072702967e-05 1.21399932827e-05
14.8 1.13052489256e-05 1.10594461645e-05
14.9 1.03015868569e-05 1.0074615582e-05
15 9.38495689507e-06 9.17706961505e-06
15.1 8.55013110094e-06 8.35911434879e-06
15.2 7.78998432381e-06 7.61372977188e-06
15.3 7.09623542725e-06 6.93451119096e-06
15.4 6.46284017186e-06 6.31561569288e-06
15.5 5.88676840483e-06 5.75171322411e-06
15.6 5.36186882016e-06 5.23794189359e-06
15.7 4.88365289513e-06 4.76986713817e-06
15.8 4.4474199072e-06 4.34344442023e-06
15.9 4.05092661594e-06 3.95498515506e-06
16 3.68847114507e-06 3.60112559102e-06
16.1 3.35965134247e-06 3.27879838918e-06
16.2 3.05931844608e-06 2.9852066704e-06
16.3 2.78602175194e-06 2.71780031753e-06
16.4 2.53698185494e-06 2.47425433875e-06
16.5 2.31058438327e-06 2.25244911419e-06
16.6 2.10363304983e-06 2.05045236341e-06
16.7 1.91483646395e-06 1.8665026851e-06
16.8 1.74331286808e-06 1.69899453304e-06
16.9 1.58656727323e-06 1.54646450407e-06
17 1.44316381721e-06 1.40757882439e-06
17.1 1.31401122284e-06 1.28112193025e-06
17.2 1.19619569177e-06 1.16598604821e-06
17.3 1.0890341538e-06 1.06116168792e-06
17.4 9.90651377566e-07 9.657289683e-07
17.5 9.02081394927e-07 8.7884970451e-07
17.6 8.20925295572e-07 7.99760189456e-07
17.7 7.46989594501e-07 7.27764609335e-07
17.8 6.80337391352e-07 6.62229037902e-07
17.9 6.18866103014e-07 6.02575958943e-07
18 5.63497184449e-07 5.4827927081e-07
18.1 5.12375914878e-07 4.98859730872e-07
18.2 4.66122358916e-07 4.53880801401e-07
18.3 4.23421951547e-07 4.12944861735e-07
18.4 3.85400917931e-07 3.75689754628e-07
18.5 3.50728486728e-07 3.41785637493e-07
18.6 3.1932938235e-07 3.10932111771e-07
18.7 2.91586569019e-07 2.82855606023e-07
18.8 2.66087827624e-07 2.57306990435e-07
18.9 2.41803155304e-07 2.34059402405e-07
19 2.20005925549e-07 2.12906264626e-07
19.1 2.0073428818e-07 1.93659478741e-07
19.2 1.82483442212e-07 1.76147779071e-07
19.3 1.65954175633e-07 1.60215232345e-07
19.4 1.51113699775e-07 1.45719870518e-07
19.5 1.37511913978e-07 1.3253244496e-07
19.6 1.23676993113e-07 1.2053529128e-07
19.7 1.12649849369e-07 1.09621295018e-07
19.8 1.02184921714e-07 9.96929492898e-08
19.9 9.27843628946e-08 9.066149624e-08
20 8.46339299109e-08 8.24461448975e-08
20.1 7.77109838117e-08 7.49733586605e-08
20.2 7.11223747336e-08 6.81762062433e-08
20.3 6.40696697289e-08 6.19937704605e-08
20.4 5.86790096674e-08 5.6370609716e-08
20.5 5.23433361528e-08 5.12562675219e-08
20.6 4.75523328573e-08 4.6604825781e-08
20.7 4.37238786544e-08 4.23744979472e-08
20.8 3.96952332168e-08 3.85272585176e-08
20.9 3.55059585848e-08 3.50285056264e-08
21 3.1592068856e-08 3.18467537972e-08
21.1 2.91589499921e-08 2.89533541667e-08
21.2 2.53885024843e-08 2.63222397359e-08
21.3 2.39544125473e-08 2.3929693418e-08
21.4 2.26042415435e-08 2.17541368519e-08
21.5 2.08636290445e-08 1.97759381282e-08
21.6 1.82278364477e-08 1.7977236743e-08
21.7 1.72395506464e-08 1.63417842395e-08
21.8 1.58666660386e-08 1.48547991378e-08
21.9 1.38849918301e-08 1.35028348775e-08
22 1.25186380001e-08 1.22736596086e-08
22.1 1.19565333114e-08 1.11561467723e-08
22.2 1.07358026215e-08 1.01401755069e-08
22.3 9.49044313604e-09 9.21653999987e-09
22.4 8.96203046347e-09 8.37686698431e-09
22.5 8.27078166505e-09 7.61354065177e-09
22.6 7.93372762908e-09 6.91963431642e-09
22.7 7.21946478181e-09 6.28884822582e-09
22.8 6.86309895628e-09 5.71545296725e-09
22.9 6.17352273617e-09 5.19423796766e-09
23 5.56510395466e-09 4.72046463058e-09
23.1 5.08768647592e-09 4.28982369361e-09
23.2 3.9445212892e-09 3.89839642763e-09
23.3 4.08090617113e-09 3.54261933288e-09
23.4 2.46844724386e-09 3.2192520175e-09
23.5 1.9962751097e-09 2.92534797277e-09
23.6 8.47384362542e-10 2.65822798444e-09
23.7 1.73404662551e-09 2.41545594322e-09
23.8 2.14535255319e-09 2.19481683853e-09
23.9 1.67678813399e-09 1.99429673906e-09
24 1.3870733384e-09 1.81206458125e-09
24.1 3.4634786627e-10 1.646455603e-09
24.2 1.12570481931e-09 1.49595627423e-09
24.3 -2.5426929618e-11 1.35919058958e-09
24.4 1.0890713434e-09 1.23490760042e-09
24.5 1.00811141261e-09 1.12197007437e-09
24.6 1.03135661186e-09 1.01934418073e-09
24.7 -1.05784789176e-09 9.26090109255e-10
24.8 -8.0609945839e-10 8.41353537915e-10
24.9 -1.14519207319e-11 7.64357873237e-10
