0.1 -0.0639452257323 0.0638989737702
0.2 -0.115261170495 0.11516700135
0.3 -0.155338969565 0.155196173922
0.4 -0.185448941772 0.18525762159
0.5 -0.206749799851 0.206510743089
0.6 -0.220297215162 0.220011786738
0.7 -0.227051789188 0.226721825722
0.8 -0.227886443698 0.227514168056
0.9 -0.223593295299 0.223181238994
1 -0.214890040901 0.21444097124
1.1 -0.202425874667 0.201942736046
1.2 -0.186786985733 0.186272846149
1.3 -0.168501655607 0.167959659521
1.4 -0.148044982816 0.147478311014
1.5 -0.125843262122 0.125255097243
1.6 -0.102278041945 0.101671538403
1.7 -0.0776898816504 0.0770681391741
1.8 -0.0523818257223 0.0517478694169
1.9 -0.0266226219214 0.0259793840235
2 -0.000649694943941 0
2.1 0.0253281053341 -0.0259815523159
2.2 0.051127966102 -0.0517825881196
2.3 0.0765907667718 -0.0772441223463
2.4 0.101578918284 -0.102228705455
2.5 0.125974367426 -0.126618427939
2.6 0.149676760572 -0.150313081576
2.7 0.172601751269 -0.173228466215
2.8 0.194679444891 -0.195294831674
2.9 0.215852964571 -0.216455444996
3 0.236077137693 -0.236665273992
3.1 0.255317286477 -0.255889778604
3.2 0.273548120468 -0.274103802186
3.3 0.290752720577 -0.291290555367
3.4 0.306921609797 -0.307440685632
3.5 0.322051901946 -0.322551426244
3.6 0.336146523001 -0.336625818578
3.7 0.34921350383 -0.349672002315
3.8 0.361265330652 -0.361702568375
3.9 0.372318359113 -0.372733969786
4 0.382392275409 -0.382785986042
4.1 0.391509612499 -0.391881236817
4.2 0.399695307476 -0.400044741177
4.3 0.406976304147 -0.40730351873
4.4 0.413381191992 -0.413686229378
4.5 0.418939880095 -0.41922284861
4.6 0.423683307042 -0.423944375456
4.7 0.427643177566 -0.427882570467
4.8 0.430851729029 -0.431069721239
4.9 0.433341519974 -0.433538433226
5 0.43514524542 -0.435321443705
5.1 0.436295571751 -0.436451456952
5.2 0.436824990361 -0.436960998809
5.3 0.436765691629 -0.436882288964
5.4 0.436149451415 -0.436247129405
5.5 0.435007533897 -0.435086807598
5.6 0.433370608769 -0.433432013078
5.7 0.431268679334 -0.431312766229
5.8 0.428731023326 -0.428758358111
5.9 0.425786140839 -0.425797300322
6 0.422461714773 -0.4224572839
6.1 0.418784575706 -0.418765146416
6.2 0.414780678087 -0.414746846424
6.3 0.410475080451 -0.410427444523
6.4 0.405891932706 -0.405831090357
6.5 0.401054467392 -0.400981014909
6.6 0.395984996957 -0.395899527516
6.7 0.390704914394 -0.390608017074
6.8 0.385234699326 -0.385126956949
6.9 0.379593924315 -0.37947591315
7 0.373801267825 -0.37367355536
7.1 0.367874525777 -0.367737670446
7.2 0.361830628234 -0.361685178125
7.3 0.355685655729 -0.355532148469
7.4 0.349454859182 -0.349293820976
7.5 0.343152679742 -0.342984624943
7.6 0.336792771503 -0.336618200932
7.7 0.330388021431 -0.330207423097
7.8 0.323950573777 -0.323764422211
7.9 0.31749185248 -0.317300609197
8 0.311022587056 -0.31082669904
8.1 0.304552834791 -0.30435273492
8.2 0.298092005863 -0.297888112461
8.3 0.291648887069 -0.291441603986
8.4 0.285231665155 -0.285021382667
8.5 0.278847952525 -0.278635046517
8.6 0.272504810136 -0.27228964211
8.7 0.266208771523 -0.265991688007
8.8 0.259965864134 -0.259747197788
8.9 0.253781633123 -0.253561702678
9 0.247661162873 -0.247440273708
9.1 0.241609099933 -0.241387543369
9.2 0.235629672245 -0.235407726754
9.3 0.229726711795 -0.229504642133
9.4 0.223903672291 -0.223681730973
9.5 0.218163650842 -0.217942077358
9.6 0.212509404952 -0.212288426823
9.7 0.206943372021 -0.206723204581
9.8 0.201467686382 -0.201248533137
9.9 0.196084195872 -0.1958662493
10 0.190794479291 -0.190577920573
10.1 0.185599861212 -0.185384860954
10.2 0.18050142822 -0.180288146114
10.3 0.175500041368 -0.175288628001
10.4 0.170596353259 -0.170386948839
10.5 0.165790818911 -0.165583554559
10.6 0.161083710465 -0.160878707665
10.7 0.15647512764 -0.156272499534
10.8 0.151965010852 -0.151764862184
10.9 0.147553151854 -0.147355579503
11 0.143239204947 -0.143044297966
11.1 0.139022697088 -0.138830536848
11.2 0.13490303706 -0.134713697946
11.3 0.130879525181 -0.130693074833
11.4 0.126951362074 -0.126767861645
11.5 0.12311765681 -0.122937161427
11.6 0.119377435326 -0.119199994052
11.7 0.115729647184 -0.115555303721
11.8 0.112173173958 -0.112001966065
11.9 0.10870683416 -0.108538794862
12 0.105329390596 -0.10516454838
12.1 0.102039556203 -0.10187793537
12.2 0.0988360007111 -0.0986776207069
12.3 0.0957173542821 -0.0955622307116
12.4 0.0926822137111 -0.092530358151
12.5 0.089729146011 -0.0895805669388
12.6 0.086856694206 -0.0867113965476
12.7 0.0840633803016 -0.0839213661437
12.8 0.0813477100585 -0.081208978458
12.9 0.0787081756733 -0.0785727234057
13 0.0761432607411 -0.0760110814646
13.1 0.0736514408379 -0.0735225268244
13.2 0.0712311892676 -0.0711055303181
13.3 0.0688809780452 -0.0687585621454
13.4 0.0665992813205 -0.0664800943985
13.5 0.06438457673 -0.0642686034006
13.6 0.0622353485563 -0.0621225718657
13.7 0.060150088753 -0.0600404908899
13.8 0.058127299526 -0.0580208617823
13.9 0.0561654950869 -0.0560621977442
14 0.0542632025694 -0.0541630254048
14.1 0.0524189642696 -0.0523218862213
14.2 0.0506313378056 -0.0505373377507
14.3 0.048898899313 -0.0488079548007
14.4 0.0472202413764 -0.0471323304664
14.5 0.0455939766836 -0.0455090770597
14.6 0.0440187369631 -0.0439368269373
14.7 0.0424931758111 -0.0424142332341
14.8 0.0410159668515 -0.040939970507
14.9 0.0395858067938 -0.0395127352945
15 0.0382014140542 -0.0381312465982
15.1 0.0368615298849 -0.0367942462913
15.2 0.0355649181949 -0.0355004994568
15.3 0.0343103671934 -0.034248794663
15.4 0.0330966886251 -0.0330379441786
15.5 0.0319227170319 -0.0318667841313
15.6 0.030787312207 -0.0307341746159
15.7 0.0296893559783 -0.0296389997529
15.8 0.0286277561382 -0.0285801677033
15.9 0.0276014429246 -0.0275566106415
16 0.0266093714199 -0.0265672846907
16.1 0.0256505198647 -0.0256111698225
16.2 0.0247238906061 -0.0246872697241
16.3 0.0238285088183 -0.0237946116366
16.4 0.0229634235085 -0.0229322461651
16.5 0.0221277067838 -0.0220992470648
16.6 0.0213204535115 -0.0212947110042
16.7 0.0205407806483 -0.020517757308
16.8 0.0197878280746 -0.0197675276816
16.9 0.0190607571203 -0.0190431859186
17 0.0183587511103 -0.0183439175943
17.1 0.0176810143944 -0.0176689297453
17.2 0.0170267729844 -0.0170174505383
17.3 0.01639527303 -0.0163887289276
17.4 0.0157857818447 -0.0157820343051
17.5 0.0151975858338 -0.0151966561421
17.6 0.01462999145 -0.0146319036245
17.7 0.0140823237507 -0.0140871052838
17.8 0.0135539279713 -0.0135616086228
17.9 0.0130441667524 -0.0130547797387
18 0.0125524210324 -0.0125660029442
18.1 0.0120780894513 -0.0120946803859
18.2 0.0116205880825 -0.0116402316634
18.3 0.0111793500601 -0.0112020934476
18.4 0.0107538251477 -0.0107797190996
18.5 0.0103434790056 -0.010372578291
18.6 0.00994779309178 -0.00998015662636
18.7 0.00956626445041 -0.00960195526743
18.8 0.0091984054916 -0.00923749056032
18.9 0.00884374259647 -0.00888629366603
19 0.00850181713337 -0.0085479101944
19.1 0.0081721833745 -0.00822189984208
19.2 0.00785440994253 -0.00790783603475
19.3 0.00754807811325 -0.00760530557386
19.4 0.00725278309385 -0.00731390828817
19.5 0.00696813155646 -0.0070332566903
19.6 0.00669374267882 -0.00676297563857
19.7 0.0064292472044 -0.00650270200411
19.8 0.00617428808864 -0.00625208434368
19.9 0.00592851832787 -0.00601078257802
20 0.00569160270449 -0.00577846767608
20.1 0.00546321517334 -0.00555482134512
20.2 0.00524304096335 -0.00533953572673
20.3 0.00503077467656 -0.00513231309893
20.4 0.00482612131989 -0.00493286558427
20.5 0.00462879387518 -0.00474091486402
20.6 0.00443851551826 -0.00455619189853
20.7 0.00425501733737 -0.00437843665361
20.8 0.00407803903785 -0.00420739783305
20.9 0.00390732809366 -0.00404283261728
21 0.00374264042019 -0.00388450640797
21.1 0.00358373908906 -0.00373219257875
21.2 0.00343039469266 -0.00358567223188
21.3 0.00328238451064 -0.00344473396086
21.4 0.00313949298532 -0.00330917361885
21.5 0.00300151117929 -0.00317879409304
21.6 0.00286823645599 -0.00305340508461
21.7 0.00273947184373 -0.00293282289449
21.8 0.00261502702397 -0.00281687021463
21.9 0.00249471622497 -0.00270537592481
22 0.00237836038166 -0.00259817489495
22.1 0.00226578407402 -0.00249510779263
22.2 0.00215681886982 -0.00239602089602
22.3 0.00205129907653 -0.00230076591186
22.4 0.00194906486381 -0.00220919979854
22.5 0.00184995933593 -0.00212118459424
22.6 0.00175383182525 -0.00203658724983
22.7 0.00166053389702 -0.00195527946662
22.8 0.00156992182215 -0.00187713753885
22.9 0.00148185483432 -0.00180204220061
23 0.00139619612357 -0.00172987847745
23.1 0.00131281151595 -0.00166053554225
23.2 0.00123157047889 -0.00159390657541
23.3 0.00115234494853 -0.00152988862927
23.4 0.00107500884105 -0.00146838249662
23.5 0.000999439848388 -0.00140929258317
23.6 0.000925517220041 -0.00135252678399
23.7 0.000853122906959 -0.00129799636372
23.8 0.000782139934201 -0.00124561584049
23.9 0.000712454030307 -0.00119530287351
24 0.000643951461728 -0.0011469781541
24.1 0.000576521076477 -0.0011005653003
24.2 0.000510053115174 -0.00105599075465
24.3 0.000444438204681 -0.00101318368539
24.4 0.000379567741261 -0.000972075890719
24.5 0.00031533413001 -0.000932601706204
24.6 0.00025163114943 -0.000894697915161
24.7 0.000188352364198 -0.000858303661963
24.8 0.000125391775575 -0.000823360368176
24.9 6.26429602375e-05 -0.000789811651455
