0 1 1 0 0
0.018 0.999838 0.995593 0.017999 0.0179603
0.036 0.999352 0.991186 0.0359922 0.0358413
0.054 0.998542 0.986779 0.0539738 0.053643
0.072 0.997409 0.982372 0.0719378 0.0713654
0.09 0.995953 0.977965 0.0898785 0.0890084
0.108 0.994174 0.973558 0.10779 0.106572
0.126 0.992072 0.969151 0.125667 0.124057
0.144 0.98965 0.964744 0.143503 0.141462
0.162 0.986907 0.960337 0.161292 0.158787
0.18 0.983844 0.95593 0.17903 0.176034
0.198 0.980462 0.951523 0.196709 0.193201
0.216 0.976763 0.947116 0.214324 0.210288
0.234 0.972747 0.942709 0.23187 0.227297
0.252 0.968416 0.938302 0.249341 0.244226
0.27 0.963771 0.933895 0.266731 0.261076
0.288 0.958814 0.929488 0.284035 0.277846
0.306 0.953546 0.925081 0.301247 0.294537
0.324 0.94797 0.920674 0.318361 0.311149
0.342 0.942086 0.916266 0.335372 0.327682
0.36 0.935897 0.911859 0.352274 0.344135
0.378 0.929405 0.907452 0.369062 0.360509
0.396 0.922611 0.903045 0.385731 0.376803
0.414 0.915519 0.898638 0.402275 0.393018
0.432 0.90813 0.894231 0.418688 0.409154
0.45 0.900447 0.889824 0.434966 0.42521
0.468 0.892472 0.885417 0.451102 0.441188
0.486 0.884208 0.88101 0.467093 0.457085
0.504 0.875658 0.874884 0.482932 0.472901
0.522 0.866824 0.862742 0.498615 0.488539
0.54 0.857709 0.8506 0.514136 0.503959
0.558 0.848316 0.838458 0.529491 0.519161
0.576 0.838648 0.826316 0.544674 0.534144
0.594 0.828709 0.814174 0.55968 0.548908
0.612 0.818501 0.802032 0.574506 0.563454
0.63 0.808028 0.78989 0.589145 0.577781
0.648 0.797293 0.777748 0.603593 0.59189
0.666 0.786299 0.765606 0.617846 0.60578
0.684 0.775051 0.753463 0.631898 0.619452
0.702 0.763552 0.741321 0.645746 0.632905
0.72 0.751806 0.729179 0.659385 0.646139
0.738 0.739816 0.717037 0.67281 0.659155
0.756 0.727586 0.704895 0.686017 0.671953
0.774 0.71512 0.692753 0.699001 0.684532
0.792 0.702423 0.680611 0.71176 0.696892
0.81 0.689498 0.668469 0.724287 0.709034
0.828 0.67635 0.656327 0.73658 0.720957
0.846 0.662983 0.644185 0.748634 0.732661
0.864 0.649401 0.632043 0.760446 0.744147
0.882 0.635608 0.6199 0.772012 0.755415
0.9 0.62161 0.607758 0.783327 0.766464
0.918 0.60741 0.595616 0.794388 0.777294
0.936 0.593014 0.583474 0.805192 0.787906
0.954 0.578425 0.571332 0.815736 0.798299
0.972 0.563649 0.55919 0.826015 0.808474
0.99 0.54869 0.547048 0.836026 0.81843
1.008 0.533553 0.532789 0.845766 0.828159
1.026 0.518244 0.515885 0.855233 0.837597
1.044 0.502767 0.498981 0.864422 0.846731
1.062 0.487126 0.482076 0.873331 0.855561
1.08 0.471328 0.465172 0.881958 0.864086
1.098 0.455378 0.448268 0.890298 0.872307
1.116 0.439279 0.431363 0.898351 0.880223
1.134 0.423039 0.414459 0.906112 0.887836
1.152 0.406661 0.397555 0.913579 0.895144
1.17 0.390152 0.38065 0.920751 0.902148
1.188 0.373516 0.363746 0.927624 0.908847
1.206 0.356759 0.346841 0.934196 0.915243
1.224 0.339887 0.329937 0.940466 0.921334
1.242 0.322904 0.313033 0.946432 0.92712
1.26 0.305817 0.296128 0.95209 0.932603
1.278 0.288631 0.279224 0.957441 0.937781
1.296 0.271351 0.26232 0.96248 0.942655
1.314 0.253983 0.245415 0.967209 0.947225
1.332 0.236533 0.228511 0.971623 0.95149
1.35 0.219007 0.211607 0.975723 0.955451
1.368 0.201409 0.194702 0.979507 0.959108
1.386 0.183746 0.177798 0.982974 0.96246
1.404 0.166024 0.160894 0.986122 0.965508
1.422 0.148248 0.143989 0.98895 0.968252
1.44 0.130424 0.127085 0.991458 0.970692
1.458 0.112557 0.110181 0.993645 0.972827
1.476 0.0946544 0.0932763 0.99551 0.974659
1.494 0.0767209 0.076372 0.997053 0.976185
1.512 0.0587625 0.059052 0.998272 0.977405
1.53 0.040785 0.0415242 0.999168 0.978311
1.548 0.0227944 0.0239963 0.99974 0.9789
1.566 0.00479631 0.00646851 0.999988 0.979175
1.584 -0.0132033 -0.0110593 0.999913 0.979133
1.602 -0.0311986 -0.0285871 0.999513 0.978776
1.62 -0.0491838 -0.046115 0.99879 0.978104
1.638 -0.0671531 -0.0636428 0.997743 0.977116
1.656 -0.0851006 -0.0811706 0.996372 0.975813
1.674 -0.103021 -0.0986984 0.994679 0.974194
1.692 -0.120907 -0.116226 0.992664 0.97226
1.71 -0.138755 -0.133754 0.990327 0.97001
1.728 -0.156557 -0.151282 0.987669 0.967445
1.746 -0.174309 -0.16881 0.984691 0.964564
1.764 -0.192004 -0.186338 0.981394 0.961367
1.782 -0.209637 -0.203865 0.977779 0.957856
1.8 -0.227202 -0.221393 0.973848 0.954028
1.818 -0.244694 -0.238921 0.9696 0.949886
1.836 -0.262106 -0.256449 0.965039 0.945427
1.854 -0.279433 -0.273977 0.960165 0.940653
1.872 -0.29667 -0.291505 0.95498 0.935564
1.89 -0.313811 -0.309032 0.949486 0.930159
1.908 -0.33085 -0.32656 0.943684 0.924439
1.926 -0.347781 -0.344088 0.937576 0.918403
1.944 -0.3646 -0.361616 0.931164 0.912052
1.962 -0.381301 -0.379144 0.924451 0.905385
1.98 -0.397879 -0.396671 0.917438 0.898403
1.998 -0.414327 -0.414199 0.910128 0.891105
2.016 -0.430642 -0.428467 0.902523 0.883517
2.034 -0.446816 -0.442327 0.894626 0.87568
2.052 -0.462846 -0.456187 0.886438 0.867594
2.07 -0.478727 -0.470046 0.877964 0.859258
2.088 -0.494451 -0.483906 0.869205 0.850672
2.106 -0.510016 -0.497766 0.860165 0.841837
2.124 -0.525416 -0.511626 0.850846 0.832752
2.142 -0.540645 -0.525486 0.841251 0.823418
2.16 -0.555699 -0.539346 0.831383 0.813835
2.178 -0.570573 -0.553206 0.821247 0.804002
2.196 -0.585262 -0.567066 0.810844 0.79392
2.214 -0.599762 -0.580925 0.800178 0.783588
2.232 -0.614067 -0.594785 0.789254 0.773006
2.25 -0.628174 -0.608645 0.778073 0.762175
2.268 -0.642076 -0.622505 0.766641 0.751095
2.286 -0.655771 -0.636365 0.75496 0.739765
2.304 -0.669254 -0.650225 0.743034 0.728186
2.322 -0.682519 -0.664085 0.730868 0.716357
2.34 -0.695563 -0.677945 0.718465 0.704279
2.358 -0.708382 -0.691805 0.705829 0.691951
2.376 -0.720972 -0.705664 0.692964 0.679374
2.394 -0.733328 -0.719524 0.679875 0.666547
2.412 -0.745446 -0.733384 0.666566 0.653471
2.43 -0.757323 -0.747244 0.653041 0.640145
2.448 -0.768954 -0.761104 0.639304 0.62657
2.466 -0.780336 -0.774964 0.62536 0.612746
2.484 -0.791466 -0.788824 0.611213 0.598671
2.502 -0.802339 -0.801899 0.596869 0.584349
2.52 -0.812952 -0.808698 0.582331 0.569853
2.538 -0.823302 -0.815496 0.567604 0.555236
2.556 -0.833385 -0.822295 0.552693 0.540495
2.574 -0.843198 -0.829093 0.537604 0.525633
2.592 -0.852737 -0.835892 0.52234 0.510648
2.61 -0.862001 -0.84269 0.506907 0.495541
2.628 -0.870985 -0.849489 0.49131 0.480311
2.646 -0.879687 -0.856287 0.475553 0.464959
2.664 -0.888104 -0.863086 0.459643 0.449485
2.682 -0.896233 -0.869885 0.443583 0.433888
2.7 -0.904072 -0.876683 0.42738 0.418169
2.718 -0.911618 -0.883482 0.411038 0.402328
2.736 -0.918869 -0.89028 0.394563 0.386364
2.754 -0.925822 -0.897079 0.377961 0.370277
2.772 -0.932475 -0.903877 0.361236 0.354069
2.79 -0.938825 -0.910676 0.344393 0.337738
2.808 -0.944872 -0.917475 0.32744 0.321285
2.826 -0.950613 -0.924273 0.31038 0.304709
2.844 -0.956045 -0.931072 0.29322 0.288011
2.862 -0.961168 -0.93787 0.275964 0.27119
2.88 -0.965979 -0.944669 0.258619 0.254247
2.898 -0.970478 -0.951467 0.241191 0.237182
2.916 -0.974662 -0.958266 0.223684 0.219995
2.934 -0.97853 -0.965064 0.206105 0.202685
2.952 -0.982081 -0.971863 0.188459 0.185252
2.97 -0.985314 -0.978662 0.170752 0.167697
2.988 -0.988228 -0.98546 0.152989 0.15002
3.006 -0.990821 -0.98935 0.135178 0.13223
3.024 -0.993094 -0.987423 0.117322 0.114439
3.042 -0.995045 -0.985495 0.0994281 0.0966824
3.06 -0.996673 -0.983568 0.0815022 0.0789609
3.078 -0.997979 -0.981641 0.0635498 0.061274
3.096 -0.998961 -0.979714 0.0455769 0.0436218
3.114 -0.999619 -0.977786 0.0275892 0.0260043
3.132 -0.999954 -0.975859 0.00959251 0.00842148
3.15 -0.999965 -0.973932 -0.00840725 -0.00912663
3.168 -0.999651 -0.972004 -0.0264043 -0.0266401
3.186 -0.999014 -0.970077 -0.0443928 -0.0441188
3.204 -0.998053 -0.96815 -0.0623668 -0.0615628
3.222 -0.996769 -0.966223 -0.0803207 -0.0789722
3.24 -0.995162 -0.964295 -0.0982486 -0.0963469
3.258 -0.993232 -0.962368 -0.116145 -0.113687
3.276 -0.990981 -0.960441 -0.134003 -0.130992
3.294 -0.988408 -0.958513 -0.151818 -0.148263
3.312 -0.985516 -0.956586 -0.169584 -0.165499
3.33 -0.982304 -0.954659 -0.187295 -0.1827
3.348 -0.978774 -0.952732 -0.204945 -0.199866
3.366 -0.974926 -0.950804 -0.222529 -0.216998
3.384 -0.970763 -0.948877 -0.24004 -0.234095
3.402 -0.966285 -0.94695 -0.257474 -0.251158
3.42 -0.961494 -0.945022 -0.274825 -0.268185
3.438 -0.956392 -0.943095 -0.292086 -0.285179
3.456 -0.95098 -0.941168 -0.309253 -0.302137
3.474 -0.94526 -0.939241 -0.32632 -0.319061
3.492 -0.939233 -0.937313 -0.34328 -0.33595
3.51 -0.932902 -0.9308 -0.36013 -0.352781
3.528 -0.926269 -0.920619 -0.376863 -0.369444
3.546 -0.919336 -0.910438 -0.393474 -0.385923
3.564 -0.912105 -0.900257 -0.409957 -0.402219
3.582 -0.904578 -0.890075 -0.426308 -0.418332
3.6 -0.896758 -0.879894 -0.44252 -0.434262
3.618 -0.888648 -0.869713 -0.45859 -0.450009
3.636 -0.88025 -0.859532 -0.47451 -0.465572
3.654 -0.871567 -0.84935 -0.490277 -0.480952
3.672 -0.862601 -0.839169 -0.505885 -0.496148
3.69 -0.853356 -0.828988 -0.521329 -0.511162
3.708 -0.843834 -0.818806 -0.536604 -0.525992
3.726 -0.834039 -0.808625 -0.551705 -0.540639
3.744 -0.823974 -0.798444 -0.566628 -0.555102
3.762 -0.813642 -0.788263 -0.581367 -0.569383
3.78 -0.803046 -0.778081 -0.595917 -0.58348
3.798 -0.79219 -0.7679 -0.610275 -0.597394
3.816 -0.781077 -0.757719 -0.624435 -0.611124
3.834 -0.769711 -0.747538 -0.638392 -0.624672
3.852 -0.758096 -0.737356 -0.652143 -0.638036
3.87 -0.746236 -0.727175 -0.665682 -0.651216
3.888 -0.734133 -0.716994 -0.679006 -0.664214
3.906 -0.721793 -0.706812 -0.692109 -0.677028
3.924 -0.709218 -0.696631 -0.704989 -0.689659
3.942 -0.696414 -0.68645 -0.71764 -0.702107
3.96 -0.683385 -0.676269 -0.730058 -0.714371
3.978 -0.670134 -0.666087 -0.74224 -0.726453
3.996 -0.656666 -0.655906 -0.754182 -0.738351
4.014 -0.642985 -0.641244 -0.765879 -0.750034
4.032 -0.629095 -0.625301 -0.777328 -0.761433
4.05 -0.615002 -0.609359 -0.788525 -0.772545
4.068 -0.60071 -0.593416 -0.799467 -0.78337
4.086 -0.586223 -0.577474 -0.81015 -0.793908
4.104 -0.571546 -0.561531 -0.82057 -0.804159
4.122 -0.556684 -0.545589 -0.830724 -0.814123
4.14 -0.541642 -0.529646 -0.840609 -0.8238
4.158 -0.526424 -0.513704 -0.850222 -0.83319
4.176 -0.511035 -0.497761 -0.85956 -0.842293
4.194 -0.495481 -0.481819 -0.868619 -0.85111
4.212 -0.479767 -0.465876 -0.877396 -0.859639
4.23 -0.463897 -0.449934 -0.885889 -0.867881
4.248 -0.447877 -0.433991 -0.894095 -0.875836
4.266 -0.431711 -0.418049 -0.902012 -0.883505
4.284 -0.415406 -0.402106 -0.909636 -0.890886
4.302 -0.398966 -0.386164 -0.916966 -0.897981
4.32 -0.382397 -0.370221 -0.923998 -0.904788
4.338 -0.365704 -0.354278 -0.930731 -0.911309
4.356 -0.348892 -0.338336 -0.937163 -0.917542
4.374 -0.331968 -0.322393 -0.943291 -0.923489
4.392 -0.314936 -0.306451 -0.949113 -0.929148
4.41 -0.297802 -0.290508 -0.954628 -0.934521
4.428 -0.280571 -0.274566 -0.959833 -0.939607
4.446 -0.26325 -0.258623 -0.964728 -0.944405
4.464 -0.245843 -0.242681 -0.96931 -0.948917
4.482 -0.228356 -0.226738 -0.973578 -0.953142
4.5 -0.210796 -0.210796 -0.97753 -0.95708
4.518 -0.193167 -0.192995 -0.981166 -0.960714
4.536 -0.175476 -0.175195 -0.984484 -0.964027
4.554 -0.157728 -0.157394 -0.987483 -0.967021
4.572 -0.139928 -0.139594 -0.990162 -0.969694
4.59 -0.122084 -0.121793 -0.99252 -0.972046
4.608 -0.104199 -0.103993 -0.994556 -0.974078
4.626 -0.0862816 -0.0861924 -0.996271 -0.97579
4.644 -0.0683357 -0.0683919 -0.997662 -0.977181
4.662 -0.0503677 -0.0505914 -0.998731 -0.978252
4.68 -0.0323833 -0.0327909 -0.999476 -0.979002
4.698 -0.0143885 -0.0149904 -0.999896 -0.979432
4.716 0.00361101 0.00281005 -0.999993 -0.979542
4.734 0.0216093 0.0206105 -0.999766 -0.979331
4.752 0.0396007 0.038411 -0.999216 -0.9788
4.77 0.0575792 0.0562115 -0.998341 -0.977948
4.788 0.075539 0.074012 -0.997143 -0.976776
4.806 0.0934744 0.0918125 -0.995622 -0.975284
4.824 0.111379 0.109613 -0.993778 -0.973471
4.842 0.129248 0.127413 -0.991612 -0.971338
4.86 0.147076 0.145214 -0.989125 -0.968884
4.878 0.164855 0.163014 -0.986318 -0.96611
4.896 0.182581 0.180815 -0.983191 -0.963016
4.914 0.200248 0.198615 -0.979745 -0.959601
4.932 0.21785 0.216416 -0.975982 -0.955866
4.95 0.235381 0.234216 -0.971903 -0.95181
4.968 0.252837 0.252017 -0.967509 -0.947434
4.986 0.27021 0.269817 -0.962801 -0.942737
5.004 0.287496 0.287062 -0.957782 -0.937721
5.022 0.304688 0.302363 -0.952452 -0.932417
5.04 0.321782 0.317663 -0.946814 -0.926836
5.058 0.338772 0.332963 -0.940869 -0.920981
5.076 0.355651 0.348263 -0.934619 -0.91485
5.094 0.372416 0.363564 -0.928066 -0.908443
5.112 0.38906 0.378864 -0.921212 -0.901761
5.13 0.405578 0.394164 -0.91406 -0.894804
5.148 0.421964 0.409464 -0.906612 -0.887572
5.166 0.438214 0.424765 -0.898871 -0.880064
5.184 0.454322 0.440065 -0.890838 -0.87228
5.202 0.470283 0.455365 -0.882516 -0.864221
5.22 0.486091 0.470666 -0.873908 -0.855887
5.238 0.501742 0.485966 -0.865018 -0.847277
5.256 0.51723 0.501266 -0.855847 -0.838392
5.274 0.53255 0.516566 -0.846398 -0.829232
5.292 0.547699 0.531867 -0.836676 -0.819796
5.31 0.562669 0.547167 -0.826682 -0.810084
5.328 0.577457 0.562467 -0.816421 -0.800098
5.346 0.592059 0.577767 -0.805895 -0.789836
5.364 0.606468 0.593068 -0.795108 -0.779298
5.382 0.620681 0.608368 -0.784063 -0.768485
5.4 0.634693 0.623668 -0.772764 -0.757397
5.418 0.648499 0.638969 -0.761215 -0.746033
5.436 0.662095 0.654269 -0.74942 -0.734394
5.454 0.675477 0.669569 -0.737381 -0.722479
5.472 0.688639 0.684869 -0.725104 -0.71029
5.49 0.701579 0.70017 -0.712592 -0.697824
5.508 0.714291 0.712694 -0.699848 -0.685095
5.526 0.726772 0.721748 -0.686879 -0.672185
5.544 0.739018 0.730802 -0.673686 -0.659112
5.562 0.751024 0.739856 -0.660275 -0.645876
5.58 0.762786 0.74891 -0.646651 -0.632477
5.598 0.774302 0.757964 -0.632817 -0.618915
5.616 0.785566 0.767018 -0.618777 -0.60519
5.634 0.796577 0.776072 -0.604538 -0.591302
5.652 0.807329 0.785126 -0.590102 -0.577251
5.67 0.817819 0.79418 -0.575475 -0.563038
5.688 0.828045 0.803234 -0.560662 -0.548661
5.706 0.838002 0.812288 -0.545667 -0.534121
5.724 0.847688 0.821342 -0.530496 -0.519419
5.742 0.857099 0.830396 -0.515152 -0.504553
5.76 0.866232 0.83945 -0.499642 -0.489524
5.778 0.875085 0.848504 -0.48397 -0.474333
5.796 0.883654 0.857558 -0.468141 -0.458978
5.814 0.891937 0.866612 -0.45216 -0.443461
5.832 0.899931 0.875666 -0.436033 -0.42778
5.85 0.907633 0.88472 -0.419764 -0.411937
5.868 0.915042 0.893774 -0.40336 -0.39593
5.886 0.922153 0.902828 -0.386824 -0.379761
5.904 0.928967 0.911882 -0.370164 -0.363428
5.922 0.935479 0.920936 -0.353383 -0.346933
5.94 0.941688 0.92999 -0.336488 -0.330275
5.958 0.947592 0.939044 -0.319484 -0.313453
5.976 0.953188 0.948098 -0.302377 -0.296469
5.994 0.958477 0.957152 -0.285171 -0.279322
6.012 0.963454 0.960564 -0.267874 -0.262046
6.03 0.968119 0.961155 -0.250489 -0.24475
6.048 0.972471 0.961746 -0.233023 -0.227444
6.066 0.976508 0.962337 -0.215482 -0.210127
6.084 0.980228 0.962928 -0.197871 -0.1928
6.102 0.983631 0.963519 -0.180196 -0.175462
6.12 0.986715 0.96411 -0.162462 -0.158113
6.138 0.989479 0.964701 -0.144676 -0.140754
6.156 0.991923 0.965292 -0.126843 -0.123384
6.174 0.994045 0.965884 -0.108968 -0.106003
6.192 0.995845 0.966475 -0.091059 -0.088612
6.21 0.997323 0.967066 -0.07312 -0.0712102
6.228 0.998478 0.967657 -0.0551573 -0.0537977
6.246 0.999309 0.968248 -0.0371767 -0.0363745
6.264 0.999816 0.968839 -0.0191841 -0.0189408
6.282 0.999999 0.96943 -0.00118531 -0.00149635
6.3 0.999859 0.970021 0.0168139 0.0159587
6.318 0.999394 0.970612 0.0348077 0.0334244
6.336 0.998606 0.971203 0.0527901 0.0509007
6.354 0.997494 0.971794 0.0707555 0.0683877
6.372 0.996059 0.972385 0.088698 0.0858853
6.39 0.994301 0.972976 0.106612 0.103394
6.408 0.992221 0.973567 0.124491 0.120912
6.426 0.989819 0.974158 0.14233 0.138442
6.444 0.987097 0.974749 0.160122 0.155982
6.462 0.984055 0.97534 0.177863 0.173533
6.48 0.980694 0.975931 0.195547 0.191094
6.498 0.977016 0.976522 0.213166 0.208666
6.516 0.973021 0.969462 0.230717 0.226188
6.534 0.968711 0.961445 0.248193 0.243566
6.552 0.964086 0.953428 0.265589 0.2608
6.57 0.95915 0.945412 0.282898 0.27789
6.588 0.953903 0.937395 0.300116 0.294835
6.606 0.948346 0.929378 0.317237 0.311636
6.624 0.942483 0.921362 0.334255 0.328292
6.642 0.936314 0.913345 0.351165 0.344805
6.66 0.929841 0.905328 0.367961 0.361173
6.678 0.923068 0.897312 0.384637 0.377397
6.696 0.915995 0.889295 0.401189 0.393476
6.714 0.908626 0.881278 0.417611 0.409411
6.732 0.900962 0.873262 0.433898 0.425202
6.75 0.893006 0.865245 0.450044 0.440849
6.768 0.884761 0.857228 0.466044 0.456351
6.786 0.87623 0.849212 0.481894 0.471709
6.804 0.867414 0.841195 0.497587 0.486922
6.822 0.858317 0.833178 0.513119 0.501992
6.84 0.848943 0.825162 0.528485 0.516917
6.858 0.839293 0.817145 0.543679 0.531698
6.876 0.829371 0.809128 0.558698 0.546334
6.894 0.819181 0.801112 0.573535 0.560826
6.912 0.808725 0.793095 0.588187 0.575174
6.93 0.798007 0.785078 0.602648 0.589378
6.948 0.787031 0.777062 0.616913 0.603437
6.966 0.7758 0.769045 0.630979 0.617352
6.984 0.764317 0.761028 0.644841 0.631123
7.002 0.752587 0.752273 0.658493 0.644748
7.02 0.740613 0.737612 0.671932 0.658157
7.038 0.728399 0.72295 0.685154 0.671302
7.056 0.715948 0.708288 0.698153 0.684183
7.074 0.703266 0.693627 0.710926 0.696801
7.092 0.690356 0.678965 0.723469 0.709154
7.11 0.677223 0.664304 0.735778 0.721243
7.128 0.66387 0.649642 0.747848 0.733069
7.146 0.650302 0.63498 0.759676 0.74463
7.164 0.636523 0.620319 0.771258 0.755928
7.182 0.622538 0.605657 0.78259 0.766962
7.2 0.608351 0.590995 0.793668 0.777732
7.218 0.593968 0.576334 0.804489 0.788238
7.236 0.579391 0.561672 0.81505 0.79848
7.254 0.564627 0.547011 0.825346 0.808458
7.272 0.54968 0.532349 0.835375 0.818172
7.29 0.534555 0.517687 0.845133 0.827623
7.308 0.519257 0.503026 0.854618 0.836809
7.326 0.503791 0.488364 0.863826 0.845731
7.344 0.488161 0.473703 0.872753 0.85439
7.362 0.472373 0.459041 0.881399 0.862785
7.38 0.456433 0.444379 0.889758 0.870916
7.398 0.440344 0.429718 0.897829 0.878782
7.416 0.424112 0.415056 0.90561 0.886385
7.434 0.407744 0.400395 0.913096 0.893724
7.452 0.391243 0.385733 0.920288 0.9008
7.47 0.374615 0.371071 0.92718 0.907611
7.488 0.357866 0.35641 0.933773 0.914158
7.506 0.341001 0.34073 0.940063 0.920438
7.524 0.324026 0.323013 0.946048 0.926412
7.542 0.306945 0.305296 0.951727 0.932067
7.56 0.289765 0.287579 0.957098 0.937403
7.578 0.272492 0.269862 0.962158 0.94242
7.596 0.25513 0.252145 0.966907 0.947118
7.614 0.237685 0.234428 0.971342 0.951497
7.632 0.220163 0.216712 0.975463 0.955557
7.65 0.20257 0.198995 0.979268 0.959299
7.668 0.184911 0.181278 0.982755 0.962721
7.686 0.167193 0.163561 0.985924 0.965825
7.704 0.14942 0.145844 0.988774 0.968609
7.722 0.131599 0.128127 0.991303 0.971075
7.74 0.113735 0.11041 0.993511 0.973222
7.758 0.0958343 0.0926935 0.995397 0.97505
7.776 0.0779026 0.0749766 0.996961 0.976559
7.794 0.0599457 0.0572597 0.998202 0.977749
7.812 0.0419693 0.0395429 0.999119 0.97862
7.83 0.0239793 0.021826 0.999712 0.979173
7.848 0.0059816 0.00410911 0.999982 0.979406
7.866 -0.0120181 -0.0136078 0.999928 0.97932
7.884 -0.0300139 -0.0313246 0.999549 0.978916
7.902 -0.0479999 -0.0490415 0.998847 0.978193
7.92 -0.0659704 -0.0667584 0.997822 0.977151
7.938 -0.0839196 -0.0844753 0.996473 0.975789
7.956 -0.101841 -0.102192 0.994801 0.974109
7.974 -0.11973 -0.119909 0.992806 0.972111
7.992 -0.137581 -0.137626 0.990491 0.969793
8.01 -0.155386 -0.15463 0.987854 0.96716
8.028 -0.173141 -0.171065 0.984897 0.964228
8.046 -0.190841 -0.187499 0.981621 0.961001
8.064 -0.208478 -0.203934 0.978027 0.957478
8.082 -0.226048 -0.220368 0.974116 0.95366
8.1 -0.243544 -0.236802 0.96989 0.949545
8.118 -0.260962 -0.253237 0.965349 0.945135
8.136 -0.278295 -0.269671 0.960496 0.940429
8.154 -0.295538 -0.286106 0.955331 0.935427
8.172 -0.312685 -0.30254 0.949857 0.930129
8.19 -0.329731 -0.318975 0.944075 0.924535
8.208 -0.34667 -0.335409 0.937987 0.918646
8.226 -0.363496 -0.351843 0.931596 0.91246
8.244 -0.380205 -0.368278 0.924902 0.905979
8.262 -0.396791 -0.384712 0.917909 0.899202
8.28 -0.413248 -0.401147 0.910618 0.89213
8.298 -0.429572 -0.417581 0.903033 0.884761
8.316 -0.445756 -0.434016 0.895155 0.877097
8.334 -0.461795 -0.45045 0.886986 0.869137
8.352 -0.477686 -0.466884 0.878531 0.860881
8.37 -0.493421 -0.483319 0.869791 0.852329
8.388 -0.508996 -0.499753 0.860769 0.843481
8.406 -0.524407 -0.516188 0.851468 0.834338
8.424 -0.539648 -0.532622 0.841891 0.824898
8.442 -0.554713 -0.549057 0.832042 0.815163
8.46 -0.569599 -0.565491 0.821922 0.805132
8.478 -0.584301 -0.581925 0.811537 0.794806
8.496 -0.598813 -0.59836 0.800889 0.784183
8.514 -0.613131 -0.610667 0.789981 0.773293
8.532 -0.627251 -0.621795 0.778817 0.762201
8.55 -0.641167 -0.632924 0.767401 0.750909
8.568 -0.654876 -0.644052 0.755736 0.739416
8.586 -0.668372 -0.65518 0.743827 0.727723
8.604 -0.681652 -0.666309 0.731676 0.71583
8.622 -0.694711 -0.677437 0.719289 0.703736
8.64 -0.707545 -0.688565 0.706668 0.691442
8.658 -0.72015 -0.699693 0.693818 0.678948
8.676 -0.732521 -0.710822 0.680744 0.666253
8.694 -0.744655 -0.72195 0.667449 0.653358
8.712 -0.756548 -0.733078 0.653938 0.640263
8.73 -0.768196 -0.744206 0.640215 0.626967
8.748 -0.779595 -0.755335 0.626284 0.613471
8.766 -0.790741 -0.766463 0.612151 0.599775
8.784 -0.801631 -0.777591 0.597819 0.585879
8.802 -0.812261 -0.788719 0.583294 0.571782
8.82 -0.822628 -0.799848 0.568579 0.557485
8.838 -0.832729 -0.810976 0.553681 0.542987
8.856 -0.84256 -0.822104 0.538603 0.52829
8.874 -0.852118 -0.833232 0.52335 0.513392
8.892 -0.861399 -0.844361 0.507928 0.498293
8.91 -0.870402 -0.855489 0.492342 0.482995
8.928 -0.879123 -0.866617 0.476595 0.467496
8.946 -0.887559 -0.877745 0.460695 0.451796
8.964 -0.895707 -0.888874 0.444645 0.435897
8.982 -0.903565 -0.900002 0.428451 0.419797
9 -0.91113 -0.91113 0.412118 0.403497
